-1	1	1	1	1	1	1	1	1	1	1	1	1	1	1	1	1	1	1	1	1	1	1	1	1	1	1	1	1	1	1	1	1	1	1	1	1	1	1	1	1	1	1	1	1	1	1	1	1	1	1	1	1	1	1	1	1	1	1	1	1	1	1	1	1	1	1	1	1	1	1	1	1
1	1	1	1	1	1	1	1	1	1	1	1	1	1	1	1	1	1	1	1	1	1	1	1	1	1	1	1	1	1	1	1	1	1	1	1	1	1	1	1	1	1	1	1	1	1	1	1	1	1	1	1	1	1	1	1	1	1	1	1	1	1	1	1	1	1	1	1	1	1	1	1	1
1	1	1	1	1	1	1	1	1	1	1	1	1	1	1	1	1	1	1	1	1	1	1	1	1	1	1	1	1	1	1	1	1	1	1	1	1	1	1	1	1	1	1	1	1	1	1	1	1	1	1	1	1	1	1	1	1	1	1	1	1	1	1	1	1	1	1	1	1	1	1	1	1
1	1	1	1	1	1	1	1	1	1	1	1	1	1	1	1	1	1	1	1	1	1	1	1	1	1	1	1	1	1	1	1	1	1	1	1	1	1	1	1	1	1	1	1	1	1	1	1	1	1	1	1	1	1	1	1	1	1	1	1	1	1	1	1	1	1	1	1	1	1	1	1	1
1	1	1	1	1	1	1	1	1	1	1	1	1	1	1	1	1	1	1	1	1	1	1	1	1	1	1	1	1	1	1	1	1	1	1	1	1	1	1	1	1	1	1	1	1	1	1	1	1	1	1	1	1	1	1	1	1	1	1	1	1	1	1	1	1	1	1	1	1	1	1	1	1
1	1	1	1	1	1	1	1	1	1	1	1	1	1	1	1	1	1	1	1	1	1	1	1	1	1	1	1	1	1	1	1	1	1	1	1	1	1	1	1	1	1	1	1	1	1	1	1	1	1	1	1	1	1	1	1	1	1	1	1	1	1	1	1	1	1	1	1	1	1	1	1	1
1	1	1	1	1	1	1	1	1	1	1	1	1	1	1	1	1	1	1	1	1	1	1	1	1	1	1	1	1	1	1	1	1	1	1	1	1	1	1	1	1	1	1	1	1	1	1	1	1	1	1	1	1	1	1	1	1	1	1	1	1	1	1	1	1	1	1	1	1	1	1	1	1
1	1	1	1	1	1	1	1	1	1	1	1	1	1	1	1	1	1	1	1	1	1	1	1	1	1	1	1	1	1	1	1	1	1	1	1	1	1	1	1	1	1	1	1	1	1	1	1	1	1	1	1	1	1	1	1	1	1	1	1	1	1	1	1	1	1	1	1	1	1	1	1	1
1	1	1	1	1	1	1	1	1	1	1	1	1	1	1	1	1	1	1	1	1	1	1	1	1	1	1	1	1	1	1	1	1	1	1	1	1	1	1	1	1	1	1	1	1	1	1	1	1	1	1	1	1	1	1	1	1	1	1	1	1	1	1	1	1	1	1	1	1	1	1	1	1
1	1	1	1	1	1	1	1	1	1	1	1	1	1	1	1	1	1	1	1	1	1	1	1	1	1	1	1	1	1	1	1	1	1	1	1	1	1	1	1	1	1	1	1	1	1	1	1	1	1	1	1	1	1	1	1	1	1	1	1	1	1	1	1	1	1	1	1	1	1	1	1	1
1	1	1	1	1	1	1	1	1	1	1	1	1	1	1	1	1	1	1	1	1	1	1	1	1	1	1	1	1	1	1	1	1	1	1	1	1	1	1	1	1	1	1	1	1	1	1	1	1	1	1	1	1	1	1	1	1	1	1	1	1	1	1	1	1	1	1	1	1	1	1	1	1
1	1	1	1	1	1	1	1	1	1	1	1	1	1	1	1	1	1	1	1	1	1	1	1	1	1	1	1	1	1	1	0.99073	0.98329	1	1	1	1	1	1	1	1	1	1	1	1	1	1	1	1	1	1	1	1	1	1	1	1	1	1	1	1	1	1	1	1	1	1	1	1	1	1	1	1
1	1	1	1	1	1	1	1	1	1	1	1	1	1	1	1	1	1	1	1	1	1	1	1	1	1	1	1	1	0.94707	0.87838	0.8388	0.83063	0.85434	0.8619	0.91413	0.97779	1	1	1	1	1	1	1	1	1	1	1	1	1	1	1	1	1	1	1	1	1	1	1	1	1	1	1	1	1	1	1	1	1	1	1	1
1	1	1	1	1	1	1	1	1	1	1	1	1	1	1	1	1	1	1	1	1	1	1	1	1	1	1	1	0.91219	0.80976	0.73485	0.69171	0.68283	0.68885	0.72864	0.78646	0.85576	0.93092	1	1	1	1	1	1	1	1	1	1	1	1	1	1	1	1	1	1	1	1	1	1	1	1	1	1	1	1	1	1	1	1	1	1	1
1	1	1	1	1	1	1	1	1	1	1	1	1	1	1	1	1	1	1	1	1	1	1	1	1	1	1	0.92519	0.79111	0.6807	0.59999	0.55354	0.53873	0.55686	0.60071	0.66299	0.73638	0.81492	0.89477	0.97441	1	1	1	1	1	1	1	1	1	1	1	1	1	1	1	1	1	1	1	1	1	1	1	1	1	1	1	1	1	1	1	1	1
1	1	1	1	1	1	1	1	1	1	1	1	1	1	1	1	1	1	1	1	1	1	1	1	1	1	0.98488	0.82417	0.68129	0.56369	0.47776	0.42805	0.41511	0.43537	0.48213	0.54719	0.62259	0.70217	0.78237	0.8623	0.94303	1	1	1	1	1	1	1	1	1	1	1	1	1	1	1	1	1	1	1	1	1	1	1	1	1	1	1	1	1	1	1	1
1	1	1	1	1	1	1	1	1	1	1	1	1	1	1	1	1	1	1	1	1	1	1	1	1	0.95258	0.81635	0.68236	0.55756	0.46232	0.3719	0.3199	0.30706	0.32848	0.37652	0.44216	0.51698	0.59484	0.67269	0.75049	0.83029	0.91486	1	1	1	1	1	1	1	1	1	1	1	1	1	1	1	1	1	1	1	1	1	1	1	1	1	1	1	1	1	1	1
1	1	1	1	1	1	1	1	1	1	1	1	1	1	1	1	1	1	1	1	1	1	1	1	1	0.87925	0.73968	0.60275	0.47525	0.36521	0.27815	0.23083	0.21838	0.23961	0.28684	0.35041	0.42171	0.49484	0.56749	0.64067	0.71753	0.80179	0.85632	0.93055	1	1	1	1	1	1	1	1	1	1	1	1	1	1	1	1	1	1	1	1	1	1	1	1	1	1	1	1	1
1	1	1	1	1	1	1	1	1	1	1	1	1	1	1	1	1	1	1	1	1	1	1	1	0.94939	0.81101	0.67112	0.53453	0.40765	0.29821	0.21082	0.16466	0.15184	0.17119	0.21518	0.27378	0.33841	0.40374	0.4684	0.53461	0.60671	0.67415	0.7488	0.82567	0.9345	1	1	1	1	1	1	1	1	1	1	1	1	1	1	1	1	1	1	1	1	1	1	1	1	1	1	1	1
1	1	1	1	1	1	1	1	1	1	1	1	1	1	1	1	1	1	1	1	1	1	1	1	0.88457	0.74736	0.61019	0.47737	0.35465	0.23953	0.16502	0.12169	0.10913	0.12339	0.16275	0.21338	0.26828	0.32291	0.37707	0.43427	0.49778	0.56673	0.64104	0.71916	0.81599	0.89466	0.97386	1	1	1	1	1	1	1	1	1	1	1	1	1	1	1	1	1	1	1	1	1	1	1	1	1	1
1	1	1	1	1	1	1	1	1	1	1	1	1	1	1	1	1	1	1	1	1	1	1	0.9541	0.82085	0.68707	0.55549	0.42973	0.31471	0.20681	0.1396	0.10091	0.089263	0.10013	0.12704	0.16974	0.21212	0.25357	0.29519	0.34142	0.39862	0.46361	0.53596	0.61364	0.70098	0.78109	0.86132	0.94169	1	1	1	1	1	1	1	1	1	1	1	1	1	1	1	1	1	1	1	1	1	1	1	1	1
1	1	1	1	1	1	1	1	1	1	1	1	1	1	1	1	1	1	1	1	1	1	1	0.88816	0.75704	0.62851	0.50493	0.38917	0.28516	0.1889	0.13169	0.099509	0.089695	0.097133	0.11554	0.13911	0.17049	0.1969	0.21868	0.25913	0.30854	0.368	0.43664	0.51187	0.59193	0.67085	0.74962	0.82917	0.91175	0.99966	1	1	1	1	1	1	1	1	1	1	1	1	1	1	1	1	1	1	1	1	1	1	1
1	1	1	1	1	1	1	1	1	1	1	1	1	1	1	1	1	1	1	1	1	1	0.95247	0.82032	0.692	0.56995	0.45618	0.35281	0.26263	0.18193	0.13696	0.1133	0.10649	0.11101	0.12091	0.13137	0.14165	0.15001	0.16117	0.19033	0.2307	0.28308	0.34611	0.41669	0.49097	0.5658	0.64048	0.71697	0.79856	0.88828	0.98759	1	1	1	1	1	1	1	1	1	1	1	1	1	1	1	1	1	1	1	1	1	1
1	1	1	1	1	1	1	1	1	1	1	1	1	1	1	1	1	1	1	1	1	1	0.88347	0.75041	0.62503	0.51002	0.40716	0.31783	0.2322	0.18099	0.15105	0.13723	0.1345	0.13697	0.13918	0.13756	0.13167	0.11392	0.11978	0.13529	0.16796	0.21177	0.26722	0.33079	0.39983	0.46763	0.5356	0.6069	0.68589	0.77633	0.87994	1	1	1	1	1	1	1	1	1	1	1	1	1	1	1	1	1	1	1	1	1	1
1	1	1	1	1	1	1	1	1	1	1	1	1	1	1	1	1	1	1	1	1	0.9551	0.81352	0.67904	0.55622	0.44816	0.35653	0.28207	0.2148	0.18344	0.1688	0.16568	0.16793	0.16939	0.16525	0.15326	0.13467	0.10334	0.098091	0.10302	0.12101	0.15655	0.20247	0.26131	0.31988	0.37786	0.43676	0.501	0.57603	0.66629	0.77363	0.93936	1	1	1	1	1	1	1	1	1	1	1	1	1	1	1	1	1	1	1	1	1
1	1	1	1	1	1	1	1	1	1	1	1	1	1	1	1	1	1	1	1	1	0.89108	0.7443	0.60769	0.48668	0.38491	0.30413	0.23512	0.19863	0.18507	0.18555	0.19321	0.20091	0.20245	0.19374	0.17385	0.14562	0.10531	0.091577	0.087863	0.096581	0.11816	0.15387	0.20578	0.25223	0.29797	0.34585	0.4016	0.47167	0.56105	0.67166	0.82775	0.97584	1	1	1	1	1	1	1	1	1	1	1	1	1	1	1	1	1	1	1	1
1	1	1	1	1	1	1	1	1	1	1	1	1	1	1	1	1	1	1	1	1	0.90893	0.67826	0.53878	0.41863	0.32212	0.23956	0.1993	0.18059	0.18326	0.19756	0.21516	0.22826	0.23079	0.21947	0.19465	0.14139	0.11653	0.097665	0.088008	0.089201	0.10114	0.12214	0.16573	0.1978	0.22948	0.26501	0.31135	0.37585	0.46394	0.5774	0.72794	0.88514	1	1	1	1	1	1	1	1	1	1	1	1	1	1	1	1	1	1	1	1
1	1	1	1	1	1	1	1	1	1	1	1	1	1	1	1	1	1	1	1	1	0.83098	0.6185	0.47561	0.35538	0.25087	0.1922	0.16454	0.16062	0.17675	0.2024	0.22818	0.24595	0.25	0.23797	0.21137	0.15894	0.13315	0.11302	0.10067	0.096734	0.10045	0.12351	0.13801	0.15745	0.174	0.19655	0.23318	0.29196	0.37854	0.49448	0.64304	0.80795	0.98715	1	1	1	1	1	1	1	1	1	1	1	1	1	1	1	1	1	1	1
1	1	1	1	1	1	1	1	1	1	1	1	1	1	1	1	1	1	1	0.96863	0.82722	0.68437	0.54627	0.40821	0.29774	0.20279	0.15121	0.13297	0.1399	0.16569	0.19924	0.23057	0.25158	0.25718	0.24603	0.22066	0.17415	0.1513	0.13348	0.12252	0.11604	0.11323	0.13179	0.13182	0.13209	0.13329	0.14298	0.17018	0.22347	0.30854	0.42655	0.57576	0.74676	0.93265	1	1	1	1	1	1	1	1	1	1	1	1	1	1	1	1	1	1	1
1	1	1	1	1	1	1	1	1	1	1	1	1	1	1	1	1	1	1	0.90804	0.7657	0.62275	0.48504	0.35703	0.23875	0.16408	0.12001	0.10747	0.12149	0.15161	0.18885	0.22239	0.24458	0.25123	0.24205	0.22049	0.18407	0.16764	0.15714	0.14969	0.14317	0.15761	0.15149	0.13865	0.12209	0.109	0.10682	0.12543	0.1738	0.25745	0.37704	0.52831	0.7036	0.89418	1	1	1	1	1	1	1	1	1	1	1	1	1	1	1	1	1	1	1
1	1	1	1	1	1	1	1	1	1	1	1	1	1	1	1	1	1	0.98811	0.85085	0.71034	0.5705	0.43664	0.31551	0.20553	0.1381	0.10085	0.090759	0.10668	0.13713	0.17347	0.20544	0.22629	0.23295	0.19989	0.19446	0.18613	0.18059	0.1794	0.1779	0.17373	0.1916	0.17825	0.15511	0.12689	0.10216	0.090016	0.10172	0.14595	0.22829	0.34881	0.50228	0.67991	0.87307	1	1	1	1	1	1	1	1	1	1	1	1	1	1	1	1	1	1	1
1	1	1	1	1	1	1	1	1	1	1	1	1	1	1	1	1	1	0.93098	0.79581	0.65964	0.52595	0.39932	0.2857	0.18434	0.12473	0.093597	0.087114	0.098558	0.12559	0.15644	0.18298	0.19972	0.17589	0.18035	0.18172	0.18277	0.18869	0.19721	0.20321	0.22912	0.22539	0.20747	0.17742	0.14138	0.109	0.090708	0.097546	0.14222	0.22331	0.34504	0.49853	0.6765	0.87003	1	1	1	1	1	1	1	1	1	1	1	1	1	1	1	1	1	1	1
1	1	1	1	1	1	1	1	1	1	1	1	1	1	1	1	1	1	0.87284	0.74123	0.61147	0.48653	0.37021	0.25474	0.17774	0.12316	0.097985	0.093839	0.10367	0.11951	0.14178	0.15931	0.16928	0.14928	0.15597	0.16322	0.17304	0.19003	0.20831	0.24441	0.25713	0.25422	0.23466	0.20163	0.16228	0.12698	0.10672	0.11234	0.15259	0.2437	0.36514	0.5172	0.69348	0.88517	1	1	1	1	1	1	1	1	1	1	1	1	1	1	1	1	1	1	1
1	1	1	1	1	1	1	1	1	1	1	1	1	1	1	1	1	0.94241	0.81251	0.68534	0.56343	0.44928	0.34579	0.24545	0.18203	0.14135	0.12095	0.11024	0.11734	0.12665	0.13288	0.13931	0.11929	0.12346	0.13035	0.14155	0.15849	0.18198	0.22792	0.258	0.27482	0.27419	0.25591	0.22397	0.18613	0.15273	0.13535	0.14346	0.18548	0.2653	0.40872	0.55765	0.73029	0.91797	1	1	1	1	1	1	1	1	1	1	1	1	1	1	1	1	1	1	1
1	1	1	1	1	1	1	1	1	1	1	1	1	1	1	1	1	0.87817	0.74916	0.6267	0.51338	0.4113	0.32247	0.24024	0.19245	0.16425	0.15175	0.14853	0.13823	0.14047	0.13698	0.12785	0.10484	0.1029	0.10748	0.11991	0.14148	0.17019	0.22539	0.25973	0.27996	0.28261	0.2682	0.24126	0.20962	0.1833	0.17332	0.18773	0.23416	0.32777	0.47431	0.61853	0.78566	0.9673	1	1	1	1	1	1	1	1	1	1	1	1	1	1	1	1	1	1	1
1	1	1	1	1	1	1	1	1	1	1	1	1	1	1	1	0.94658	0.81133	0.68267	0.56458	0.45988	0.37036	0.29722	0.23337	0.20388	0.19023	0.18661	0.18638	0.1833	0.17308	0.15457	0.1129	0.099995	0.091721	0.090453	0.10213	0.12403	0.15406	0.21378	0.24951	0.27189	0.27827	0.26982	0.25124	0.23004	0.21532	0.21722	0.24148	0.29486	0.39331	0.50578	0.69784	0.85778	1	1	1	1	1	1	1	1	1	1	1	1	1	1	1	1	1	1	1	1
1	1	1	1	1	1	1	1	1	1	1	1	1	1	1	1	0.88216	0.74305	0.61387	0.49934	0.40264	0.32541	0.2596	0.22555	0.21348	0.21403	0.21989	0.22368	0.21937	0.20358	0.1534	0.12806	0.10315	0.090067	0.085355	0.090434	0.10903	0.1362	0.19489	0.2288	0.2516	0.2616	0.26051	0.25293	0.24559	0.24623	0.26388	0.301	0.37757	0.46663	0.57812	0.79301	0.94428	1	1	1	1	1	1	1	1	1	1	1	1	1	1	1	1	1	1	1	1
1	1	1	1	1	1	1	1	1	1	1	1	1	1	1	1	0.81911	0.67537	0.54466	0.43257	0.34276	0.26537	0.22879	0.21327	0.21756	0.23158	0.24674	0.25518	0.2512	0.2324	0.17873	0.14896	0.11336	0.0964	0.088028	0.08899	0.099248	0.13901	0.1716	0.20039	0.22162	0.23464	0.24159	0.24675	0.2557	0.27441	0.3108	0.37579	0.45019	0.54367	0.65507	0.78112	1	1	1	1	1	1	1	1	1	1	1	1	1	1	1	1	1	1	1	1	1
1	1	1	1	1	1	1	1	1	1	1	1	1	1	1	1	0.8361	0.61114	0.478	0.36712	0.26981	0.21823	0.19573	0.19606	0.21446	0.24014	0.26356	0.27669	0.27431	0.25502	0.20283	0.17235	0.14226	0.11791	0.097988	0.094329	0.097955	0.12328	0.14756	0.16821	0.18584	0.2009	0.21589	0.23455	0.26106	0.29937	0.36668	0.43741	0.52212	0.62106	0.73331	0.85626	1	1	1	1	1	1	1	1	1	1	1	1	1	1	1	1	1	1	1	1	1
1	1	1	1	1	1	1	1	1	1	1	1	1	1	0.96284	0.82518	0.68759	0.53294	0.41121	0.30654	0.21672	0.17382	0.16235	0.17486	0.20405	0.23858	0.26837	0.2855	0.28548	0.26791	0.22159	0.19391	0.16576	0.1422	0.12342	0.10631	0.10284	0.11933	0.12684	0.13688	0.14909	0.16504	0.18749	0.2195	0.2637	0.32362	0.41019	0.49584	0.59133	0.69645	0.81033	0.93092	1	1	1	1	1	1	1	1	1	1	1	1	1	1	1	1	1	1	1	1	1
1	1	1	1	1	1	1	1	1	1	1	1	1	1	0.89324	0.75373	0.61495	0.48285	0.35403	0.24124	0.17259	0.13394	0.13158	0.15191	0.18774	0.22744	0.26087	0.28063	0.28309	0.24911	0.23183	0.20999	0.18717	0.16756	0.15019	0.13355	0.13602	0.12067	0.11289	0.10768	0.11678	0.13246	0.1614	0.20595	0.26723	0.34481	0.45101	0.5509	0.65699	0.76851	0.88451	1	1	1	1	1	1	1	1	1	1	1	1	1	1	1	1	1	1	1	1	1	1
1	1	1	1	1	1	1	1	1	1	1	1	1	0.9637	0.82741	0.68896	0.55232	0.42287	0.30755	0.20056	0.13927	0.10774	0.10301	0.13059	0.16815	0.20877	0.24253	0.26287	0.2673	0.24206	0.23174	0.2181	0.20391	0.19272	0.17873	0.17944	0.16083	0.13676	0.11268	0.096696	0.093078	0.10554	0.14282	0.19801	0.27384	0.38379	0.4909	0.60356	0.71937	0.83691	0.95507	1	1	1	1	1	1	1	1	1	1	1	1	1	1	1	1	1	1	1	1	1	1
1	1	1	1	1	1	1	1	1	1	1	1	1	0.899	0.76447	0.62987	0.49861	0.37538	0.25419	0.17163	0.11798	0.09253	0.091518	0.10854	0.14876	0.18583	0.21627	0.23475	0.24003	0.22386	0.2212	0.21728	0.21565	0.21336	0.20494	0.21053	0.18736	0.15508	0.12078	0.094519	0.08625	0.09911	0.13653	0.20063	0.28848	0.41313	0.5323	0.65554	0.77948	0.90208	1	1	1	1	1	1	1	1	1	1	1	1	1	1	1	1	1	1	1	1	1	1	1
1	1	1	1	1	1	1	1	1	1	1	1	0.96537	0.83403	0.70304	0.5747	0.4518	0.33815	0.22678	0.15482	0.10892	0.088995	0.08998	0.10519	0.12753	0.16269	0.1862	0.20018	0.20482	0.19189	0.20185	0.20811	0.21665	0.22731	0.2461	0.23697	0.21191	0.17497	0.13458	0.10206	0.089447	0.10391	0.14631	0.21738	0.31513	0.44988	0.57786	0.7089	0.83882	0.96494	1	1	1	1	1	1	1	1	1	1	1	1	1	1	1	1	1	1	1	1	1	1	1
1	1	1	1	1	1	1	1	1	1	1	1	0.8978	0.76776	0.64159	0.52138	0.40929	0.30815	0.21093	0.15153	0.1152	0.099587	0.098717	0.11037	0.12517	0.14378	0.15714	0.16415	0.15192	0.16245	0.17644	0.1939	0.21214	0.24951	0.26165	0.25567	0.23122	0.19323	0.15111	0.11696	0.10325	0.1204	0.16794	0.24593	0.36941	0.49668	0.62991	0.7656	0.89888	1	1	1	1	1	1	1	1	1	1	1	1	1	1	1	1	1	1	1	1	1	1	1	1
1	1	1	1	1	1	1	1	1	1	1	0.96149	0.82804	0.69953	0.57881	0.46791	0.36841	0.28209	0.20257	0.158	0.13294	0.1234	0.12385	0.12432	0.1307	0.13265	0.13149	0.11712	0.12233	0.13313	0.15111	0.17494	0.20046	0.2494	0.26683	0.26452	0.24269	0.20698	0.16735	0.13616	0.12547	0.14023	0.18454	0.26094	0.38154	0.49694	0.69009	0.8271	0.96092	1	1	1	1	1	1	1	1	1	1	1	1	1	1	1	1	1	1	1	1	1	1	1	1
1	1	1	1	1	1	1	1	1	1	1	0.89249	0.75655	0.62927	0.51405	0.41291	0.32697	0.25698	0.19766	0.16915	0.15738	0.15542	0.15705	0.15658	0.15031	0.13768	0.12213	0.10102	0.098586	0.10835	0.12721	0.15392	0.18355	0.24049	0.2614	0.2625	0.24463	0.21393	0.17453	0.15604	0.15211	0.17027	0.21528	0.31707	0.41852	0.53923	0.67541	0.81804	1	1	1	1	1	1	1	1	1	1	1	1	1	1	1	1	1	1	1	1	1	1	1	1	1
1	1	1	1	1	1	1	1	1	1	1	0.82366	0.68457	0.55789	0.44762	0.35601	0.28377	0.22311	0.19194	0.18208	0.18378	0.19003	0.19396	0.19017	0.176	0.15248	0.11116	0.095913	0.08888	0.091556	0.10841	0.1342	0.16421	0.22441	0.24628	0.24978	0.23643	0.20023	0.18488	0.17525	0.17884	0.20226	0.27871	0.35403	0.44896	0.56131	0.6874	0.82339	0.96046	1	1	1	1	1	1	1	1	1	1	1	1	1	1	1	1	1	1	1	1	1	1	1	1
1	1	1	1	1	1	1	1	1	1	1	0.75715	0.61426	0.48732	0.38108	0.29814	0.22918	0.19761	0.18591	0.19262	0.20741	0.22202	0.22913	0.22374	0.20424	0.1731	0.12471	0.099935	0.088628	0.087857	0.098275	0.11928	0.17109	0.20364	0.22348	0.22775	0.19954	0.19423	0.18879	0.18925	0.20154	0.25883	0.31464	0.3867	0.47516	0.57931	0.69696	0.82541	0.95691	1	1	1	1	1	1	1	1	1	1	1	1	1	1	1	1	1	1	1	1	1	1	1	1
1	1	1	1	1	1	1	1	1	1	0.922	0.6958	0.5486	0.42052	0.31719	0.24165	0.18766	0.17166	0.17693	0.19826	0.22471	0.24705	0.25777	0.25239	0.23034	0.19533	0.1452	0.11828	0.10012	0.093263	0.099151	0.11245	0.15656	0.18129	0.19594	0.17471	0.17894	0.18116	0.18533	0.1958	0.2312	0.28448	0.34096	0.4097	0.49205	0.58871	0.69887	0.82099	0.94805	1	1	1	1	1	1	1	1	1	1	1	1	1	1	1	1	1	1	1	1	1	1	1	1
1	1	1	1	1	1	1	1	1	0.90302	0.76131	0.62179	0.49119	0.36132	0.25975	0.18312	0.14987	0.14637	0.16499	0.19783	0.23343	0.26201	0.27617	0.27208	0.25017	0.19799	0.16843	0.1413	0.12164	0.11095	0.10854	0.13176	0.14566	0.16085	0.14125	0.14811	0.15443	0.1624	0.17465	0.20329	0.24871	0.29741	0.3537	0.41902	0.4958	0.58606	0.69021	0.80643	0.93215	0.98888	1	1	1	1	1	1	1	1	1	1	1	1	1	1	1	1	1	1	1	1	1	1	1
1	1	1	1	1	1	1	1	0.97978	0.83927	0.69598	0.55536	0.41929	0.3039	0.20343	0.14473	0.11867	0.12377	0.15124	0.19148	0.23279	0.26529	0.28203	0.28	0.26053	0.21554	0.19029	0.16653	0.14933	0.13723	0.12988	0.14553	0.14795	0.14465	0.11969	0.11808	0.13007	0.14286	0.16354	0.19302	0.24564	0.29589	0.35077	0.4124	0.48423	0.56943	0.66263	0.76004	0.85836	0.95081	1	1	1	1	1	1	1	1	1	1	1	1	1	1	1	1	1	1	1	1	1	1	1
1	1	1	1	1	1	1	1	0.92124	0.78103	0.63928	0.50097	0.37263	0.26124	0.16927	0.11797	0.0969	0.10647	0.13775	0.18061	0.22348	0.25689	0.2747	0.27487	0.25959	0.22518	0.20732	0.19133	0.17888	0.16787	0.18013	0.17281	0.15548	0.11965	0.10972	0.10342	0.10302	0.12058	0.14308	0.17482	0.23104	0.28021	0.33213	0.38963	0.45621	0.53768	0.62619	0.71872	0.81318	0.90174	1	1	1	1	1	1	1	1	1	1	1	1	1	1	1	1	1	1	1	1	1	1	1
1	1	1	1	1	1	1	0.99899	0.86462	0.72719	0.58997	0.45736	0.33517	0.22216	0.14795	0.10371	0.088047	0.096095	0.12718	0.16757	0.20748	0.23837	0.25522	0.25712	0.23141	0.22503	0.21719	0.21135	0.20595	0.19831	0.21451	0.20021	0.17601	0.12317	0.10592	0.09459	0.091102	0.097015	0.12161	0.15181	0.20735	0.25253	0.29972	0.34753	0.41586	0.49285	0.57695	0.66526	0.75666	0.97069	1	1	1	1	1	1	1	1	1	1	1	1	1	1	1	1	1	1	1	1	1	1	1
1	1	1	1	1	1	1	0.9407	0.80848	0.67592	0.5459	0.42213	0.3095	0.20646	0.13901	0.10181	0.090236	0.098843	0.12052	0.15534	0.18782	0.21263	0.2262	0.20818	0.21359	0.21622	0.21908	0.22398	0.22696	0.24967	0.2449	0.22607	0.1637	0.13512	0.10788	0.092219	0.085314	0.087932	0.10005	0.12811	0.17834	0.2166	0.24707	0.30143	0.36484	0.43727	0.51709	0.60134	0.77747	0.85834	0.93902	1	1	1	1	1	1	1	1	1	1	1	1	1	1	1	1	1	1	1	1	1	1
1	1	1	1	1	1	1	0.88033	0.75123	0.62507	0.50437	0.39209	0.29206	0.20293	0.14833	0.11096	0.10278	0.11022	0.12633	0.14494	0.16823	0.18364	0.19159	0.1787	0.18869	0.19935	0.21307	0.22813	0.25944	0.27089	0.26706	0.24626	0.18213	0.15058	0.12114	0.096305	0.08656	0.085356	0.09204	0.11614	0.14863	0.17733	0.20217	0.24982	0.30744	0.37477	0.44987	0.58426	0.66736	0.74719	0.82715	0.9091	0.99528	1	1	1	1	1	1	1	1	1	1	1	1	1	1	1	1	1	1	1	1
1	1	1	1	1	1	0.94668	0.81704	0.69144	0.57255	0.4626	0.36378	0.27881	0.20678	0.16531	0.14264	0.1349	0.12943	0.13874	0.14647	0.15046	0.1494	0.1387	0.14747	0.15993	0.17685	0.19906	0.22216	0.26442	0.27997	0.27795	0.25755	0.19706	0.16644	0.13713	0.11393	0.095017	0.09037	0.091081	0.10801	0.12316	0.12927	0.15851	0.19803	0.24872	0.30992	0.41082	0.48639	0.56291	0.63897	0.71585	0.79644	0.88381	0.97988	1	1	1	1	1	1	1	1	1	1	1	1	1	1	1	1	1	1	1
1	1	1	1	1	1	0.88079	0.7506	0.62829	0.51683	0.41827	0.33412	0.2584	0.2122	0.18631	0.17424	0.17058	0.16956	0.16636	0.15394	0.14571	0.1337	0.11277	0.1131	0.13142	0.152	0.17898	0.22511	0.25754	0.27592	0.27603	0.25797	0.20568	0.17951	0.15414	0.13366	0.11886	0.10756	0.10841	0.10734	0.10578	0.10335	0.12153	0.15153	0.20562	0.26203	0.32635	0.3951	0.46578	0.53532	0.60682	0.68427	0.7716	0.8711	1	1	1	1	1	1	1	1	1	1	1	1	1	1	1	1	1	1	1
1	1	1	1	1	0.95162	0.81308	0.68156	0.56185	0.45735	0.37009	0.30097	0.24295	0.21753	0.20726	0.20614	0.20753	0.20538	0.19543	0.17642	0.15076	0.11077	0.099869	0.096629	0.10261	0.12788	0.15595	0.20679	0.24017	0.25946	0.26139	0.24699	0.2062	0.18735	0.16894	0.15631	0.14427	0.14684	0.13613	0.12094	0.093494	0.090042	0.097	0.11799	0.15245	0.19864	0.25331	0.31286	0.37745	0.43792	0.50197	0.57473	0.66095	0.76322	0.92883	1	1	1	1	1	1	1	1	1	1	1	1	1	1	1	1	1	1
1	1	1	1	1	1	0.7453	0.61152	0.49337	0.39486	0.31811	0.25467	0.22627	0.21859	0.22353	0.23335	0.24041	0.23846	0.22394	0.19686	0.16123	0.11223	0.094812	0.087926	0.091433	0.10487	0.1339	0.18438	0.21508	0.23291	0.23577	0.20367	0.19819	0.18868	0.18191	0.17761	0.1707	0.17956	0.16444	0.14097	0.10278	0.089217	0.085401	0.094035	0.11645	0.1509	0.19393	0.25085	0.29926	0.34849	0.40343	0.47032	0.55462	0.65912	0.81275	0.95419	1	1	1	1	1	1	1	1	1	1	1	1	1	1	1	1	1
1	1	1	1	1	0.92021	0.68	0.54307	0.42535	0.33152	0.2526	0.21688	0.2053	0.21351	0.23216	0.25205	0.26479	0.2642	0.24742	0.21568	0.15224	0.12206	0.097351	0.087689	0.088354	0.098078	0.12556	0.16178	0.18615	0.19995	0.17749	0.18085	0.18177	0.18339	0.1879	0.1947	0.21413	0.21047	0.19332	0.1648	0.12077	0.10039	0.088544	0.08803	0.098949	0.12039	0.15005	0.19822	0.23253	0.26893	0.31363	0.37391	0.45579	0.56212	0.70807	0.85855	1	1	1	1	1	1	1	1	1	1	1	1	1	1	1	1	1
1	1	1	1	1	0.84074	0.67481	0.47971	0.36135	0.25866	0.20275	0.17878	0.18082	0.20195	0.23172	0.25988	0.27765	0.27913	0.26229	0.22938	0.16785	0.13696	0.11267	0.098444	0.094183	0.099564	0.12307	0.14328	0.15798	0.14065	0.14796	0.15458	0.16162	0.17419	0.18886	0.22159	0.23581	0.23533	0.21853	0.16964	0.14382	0.12034	0.10381	0.096714	0.098627	0.10796	0.12304	0.15976	0.17863	0.20134	0.23532	0.28872	0.36795	0.47578	0.61802	0.77622	0.95085	1	1	1	1	1	1	1	1	1	1	1	1	1	1	1	1
1	1	1	1	0.96314	0.77697	0.60455	0.42547	0.30573	0.20844	0.15875	0.14324	0.15489	0.18502	0.22236	0.25612	0.27754	0.28126	0.26613	0.23532	0.18106	0.15355	0.1321	0.11872	0.11215	0.11067	0.12873	0.1322	0.13544	0.11669	0.12073	0.12828	0.14078	0.16039	0.18291	0.2277	0.24758	0.25086	0.23653	0.19187	0.1681	0.14538	0.12789	0.11716	0.11206	0.11121	0.13289	0.13453	0.13906	0.14799	0.1714	0.21812	0.29476	0.40381	0.54544	0.70985	0.8914	1	1	1	1	1	1	1	1	1	1	1	1	1	1	1	1
1	1	1	1	0.9223	0.73105	0.55397	0.39988	0.25566	0.17071	0.12454	0.11378	0.13067	0.16508	0.20574	0.24173	0.26475	0.27025	0.25803	0.23202	0.18929	0.16876	0.15428	0.14488	0.13816	0.15305	0.1482	0.13425	0.10814	0.10173	0.098593	0.10572	0.12041	0.14357	0.17082	0.22419	0.24804	0.25505	0.24482	0.20838	0.19	0.17174	0.15695	0.14538	0.13574	0.1267	0.14158	0.12799	0.11507	0.11046	0.12485	0.1655	0.23976	0.34972	0.49271	0.66162	0.84817	1	1	1	1	1	1	1	1	1	1	1	1	1	1	1	1
1	1	1	1	0.89872	0.70454	0.52478	0.36838	0.23401	0.1493	0.10396	0.094138	0.11149	0.14539	0.18476	0.21916	0.2412	0.24743	0.23864	0.21939	0.19102	0.18037	0.17601	0.17278	0.18954	0.18677	0.17418	0.15232	0.11022	0.096918	0.089334	0.089651	0.10339	0.12619	0.15446	0.21172	0.23724	0.2473	0.24218	0.21689	0.20663	0.19606	0.18659	0.17695	0.16533	0.18002	0.1596	0.13332	0.10834	0.093128	0.098375	0.13391	0.2061	0.31658	0.46157	0.63312	0.82263	1	1	1	1	1	1	1	1	1	1	1	1	1	1	1	1
1	1	1	1	0.89323	0.69837	0.51798	0.36104	0.23541	0.14718	0.10022	0.08773	0.10113	0.12966	0.16312	0.19202	0.21024	0.21569	0.21021	0.18989	0.18699	0.18826	0.19401	0.21731	0.22494	0.22083	0.20294	0.15161	0.12551	0.10064	0.08858	0.085451	0.092209	0.1112	0.15851	0.1922	0.21664	0.22854	0.21736	0.21862	0.21618	0.21488	0.21283	0.20734	0.22733	0.21082	0.1827	0.14756	0.11384	0.091445	0.091247	0.12301	0.19625	0.30667	0.45305	0.62533	0.81565	1	1	1	1	1	1	1	1	1	1	1	1	1	1	1	1
1	1	1	1	0.90602	0.71274	0.53381	0.37812	0.25376	0.16611	0.1155	0.097241	0.10282	0.1216	0.14497	0.1647	0.17633	0.17926	0.16423	0.16925	0.17585	0.1891	0.22027	0.24258	0.2542	0.25026	0.22975	0.1762	0.14643	0.11139	0.095763	0.088901	0.091107	0.1017	0.14172	0.16852	0.18901	0.18598	0.1995	0.20916	0.21718	0.22588	0.2323	0.23242	0.25774	0.23883	0.20647	0.16655	0.12854	0.10315	0.10108	0.13179	0.20097	0.32299	0.46746	0.63851	0.82746	1	1	1	1	1	1	1	1	1	1	1	1	1	1	1	1
1	1	1	1	0.93663	0.74716	0.57172	0.41826	0.29549	0.20679	0.15194	0.1259	0.11902	0.12526	0.13442	0.14196	0.14455	0.12945	0.13587	0.14594	0.16176	0.18414	0.22914	0.25816	0.27351	0.27094	0.25039	0.1996	0.16988	0.14107	0.11816	0.099613	0.096736	0.11291	0.12483	0.14435	0.14121	0.15859	0.17556	0.19216	0.21238	0.23216	0.24807	0.28042	0.27863	0.25974	0.22671	0.18641	0.14869	0.12517	0.12522	0.15783	0.22811	0.34465	0.5043	0.67221	0.85767	1	1	1	1	1	1	1	1	1	1	1	1	1	1	1	1
1	1	1	1	0.98401	0.80045	0.63042	0.47837	0.3578	0.268	0.20823	0.17334	0.1553	0.14554	0.13542	0.12841	0.10708	0.10601	0.11081	0.12358	0.14508	0.17342	0.22899	0.26235	0.28051	0.27997	0.23951	0.21782	0.19166	0.16537	0.14338	0.12578	0.1091	0.11866	0.1204	0.12376	0.11679	0.13076	0.14872	0.16989	0.19781	0.22425	0.26854	0.28645	0.28713	0.27032	0.23996	0.20356	0.17107	0.15397	0.16024	0.19787	0.28246	0.3905	0.52543	0.7253	0.90524	1	1	1	1	1	1	1	1	1	1	1	1	1	1	1	1
1	1	1	1	1	0.87078	0.70792	0.55515	0.43727	0.34635	0.28126	0.23694	0.20593	0.18067	0.15594	0.1285	0.10126	0.092246	0.093219	0.1054	0.1284	0.15891	0.22044	0.25508	0.27443	0.27596	0.2435	0.22784	0.20823	0.1878	0.1702	0.15349	0.13665	0.13952	0.12217	0.099633	0.097349	0.10665	0.1236	0.1475	0.17717	0.20738	0.25868	0.27889	0.28199	0.26874	0.24387	0.21517	0.19222	0.18604	0.20237	0.24805	0.33995	0.44811	0.58007	0.79601	0.96858	1	1	1	1	1	1	1	1	1	1	1	1	1	1	1	1
1	1	1	1	1	0.95583	0.80168	0.64493	0.53015	0.43821	0.36776	0.31399	0.27024	0.23011	0.18976	0.14949	0.1105	0.092123	0.086615	0.094682	0.11498	0.14349	0.20538	0.23776	0.25618	0.25922	0.23611	0.22797	0.21721	0.20631	0.19633	0.18258	0.18482	0.16357	0.13663	0.099588	0.090558	0.090046	0.09899	0.12493	0.15385	0.18438	0.23854	0.25889	0.26372	0.25485	0.23755	0.21957	0.20972	0.21834	0.24804	0.31846	0.40391	0.51322	0.64275	0.88204	1	1	1	1	1	1	1	1	1	1	1	1	1	1	1	1	1
1	1	1	1	1	1	0.90868	0.74396	0.63266	0.54002	0.46457	0.40197	0.34644	0.29288	0.23884	0.1823	0.13669	0.10793	0.093791	0.094542	0.10828	0.15299	0.18674	0.21318	0.22824	0.23174	0.21814	0.21816	0.21774	0.2192	0.21782	0.2286	0.21528	0.18916	0.13341	0.10827	0.091098	0.085491	0.090594	0.10474	0.132	0.15913	0.21127	0.22923	0.2346	0.23019	0.2217	0.21653	0.22233	0.24876	0.30659	0.378	0.47025	0.58192	0.70988	0.84933	1	1	1	1	1	1	1	1	1	1	1	1	1	1	1	1	1
1	1	1	1	1	1	1	0.84866	0.74127	0.64847	0.56883	0.49856	0.43292	0.36808	0.3029	0.23955	0.18578	0.14103	0.11674	0.10756	0.11119	0.1456	0.16812	0.18521	0.19445	0.1789	0.18823	0.19888	0.21116	0.22441	0.24818	0.25264	0.24075	0.21266	0.1533	0.1238	0.10092	0.088624	0.089769	0.099339	0.11445	0.15914	0.18111	0.19406	0.19841	0.19794	0.19865	0.20732	0.23019	0.28543	0.35184	0.43559	0.53584	0.65102	0.77841	0.91394	1	1	1	1	1	1	1	1	1	1	1	1	1	1	1	1	1
1	1	1	1	1	1	1	0.95579	0.85281	0.76063	0.67798	0.60172	0.52815	0.4547	0.38138	0.31133	0.24868	0.19738	0.15996	0.1354	0.12628	0.14569	0.15348	0.15837	0.15962	0.14804	0.16002	0.17725	0.19832	0.21912	0.25734	0.2673	0.25819	0.23082	0.17294	0.14289	0.11805	0.10249	0.09692	0.10169	0.10994	0.13858	0.1529	0.15842	0.16009	0.16263	0.17215	0.19467	0.23642	0.31075	0.39317	0.48972	0.59872	0.71834	0.84606	0.97846	1	1	1	1	1	1	1	1	1	1	1	1	1	1	1	1	1
1	1	1	1	1	1	1	1	0.96459	0.87402	0.78984	0.70961	0.63066	0.55154	0.47327	0.39528	0.32569	0.26606	0.21835	0.18254	0.17172	0.15609	0.14671	0.13745	0.11612	0.11983	0.13189	0.15323	0.18019	0.20773	0.25655	0.27117	0.26552	0.24108	0.18913	0.16205	0.13894	0.12335	0.11594	0.11374	0.13219	0.13325	0.12985	0.12781	0.12529	0.12963	0.14714	0.18302	0.24033	0.33358	0.43122	0.54028	0.65819	0.78271	0.91142	1	1	1	1	1	1	1	1	1	1	1	1	1	1	1	1	1	1
1	1	1	1	1	1	1	1	1	0.98655	0.90251	0.82053	0.73888	0.65709	0.56865	0.48869	0.41404	0.3475	0.29044	0.249	0.21531	0.18472	0.1549	0.1275	0.10151	0.098759	0.10851	0.13015	0.15953	0.21236	0.24644	0.26407	0.26182	0.2418	0.1992	0.17807	0.16006	0.14813	0.14138	0.1359	0.15313	0.1401	0.12204	0.10764	0.09977	0.10474	0.12859	0.17558	0.2471	0.35664	0.46788	0.58838	0.71466	0.844	0.97393	1	1	1	1	1	1	1	1	1	1	1	1	1	1	1	1	1	1
1	1	1	1	1	1	1	1	1	1	1	0.93281	0.85108	0.76947	0.67036	0.58864	0.51069	0.43868	0.37345	0.31923	0.27019	0.22272	0.17603	0.12518	0.099924	0.088871	0.093282	0.11177	0.13973	0.19504	0.22873	0.24703	0.24735	0.23245	0.20137	0.18842	0.17834	0.17363	0.17088	0.19137	0.17983	0.15731	0.12853	0.10208	0.088725	0.093183	0.12178	0.17778	0.2611	0.38334	0.50585	0.63598	0.76938	0.90282	1	1	1	1	1	1	1	1	1	1	1	1	1	1	1	1	1	1	1
1	1	1	1	1	1	1	1	1	1	1	1	0.96534	0.88641	0.77386	0.69217	0.61253	0.53651	0.46457	0.39834	0.3354	0.27302	0.21182	0.15292	0.11401	0.09326	0.089777	0.10174	0.12437	0.17665	0.20604	0.22221	0.22366	0.21381	0.19505	0.19169	0.19166	0.19744	0.22554	0.22614	0.21192	0.18369	0.14753	0.11369	0.096376	0.099658	0.13149	0.19424	0.29931	0.41724	0.5481	0.6854	0.82403	0.96025	1	1	1	1	1	1	1	1	1	1	1	1	1	1	1	1	1	1	1
1	1	1	1	1	1	1	1	1	1	1	1	1	1	0.8766	0.79644	0.73129	0.64187	0.56098	0.4849	0.41025	0.33563	0.2603	0.19721	0.14747	0.11482	0.10073	0.10319	0.13383	0.1604	0.18165	0.19276	0.19348	0.18793	0.18107	0.18789	0.19927	0.23679	0.25584	0.26077	0.24763	0.21797	0.17884	0.14143	0.1259	0.12767	0.1614	0.22859	0.33829	0.46141	0.59732	0.73886	0.88033	1	1	1	1	1	1	1	1	1	1	1	1	1	1	1	1	1	1	1	1
1	1	1	1	1	1	1	1	1	1	1	1	1	1	0.97628	0.93742	0.83887	0.74758	0.6615	0.57777	0.49414	0.41044	0.32947	0.2573	0.19802	0.15487	0.12884	0.11836	0.13635	0.14952	0.15926	0.16256	0.16058	0.15814	0.16171	0.18271	0.20758	0.2538	0.28245	0.29451	0.28614	0.25935	0.22173	0.185	0.1788	0.17959	0.21356	0.28957	0.39316	0.51798	0.65549	0.7981	0.93969	1	1	1	1	1	1	1	1	1	1	1	1	1	1	1	1	1	1	1	1
1	1	1	1	1	1	1	1	1	1	1	1	1	1	1	1	0.94587	0.85407	0.76476	0.67594	0.58639	0.497	0.41029	0.33146	0.2644	0.21182	0.1742	0.16118	0.15139	0.14817	0.14375	0.1371	0.13088	0.1306	0.14307	0.16986	0.20569	0.26695	0.30638	0.32786	0.32753	0.30751	0.27555	0.2434	0.22435	0.25412	0.29216	0.37184	0.48734	0.63286	0.80073	0.98254	1	1	1	1	1	1	1	1	1	1	1	1	1	1	1	1	1	1	1	1	1
1	1	1	1	1	1	1	1	1	1	1	1	1	1	1	1	1	0.95993	0.86957	0.77836	0.68605	0.59433	0.50057	0.41734	0.34424	0.28339	0.23909	0.20781	0.18278	0.15706	0.13695	0.11868	0.10635	0.10607	0.12371	0.15787	0.20401	0.27924	0.32992	0.36237	0.37256	0.36245	0.33955	0.31524	0.30233	0.35035	0.38743	0.46318	0.57368	0.71288	0.8734	1	1	1	1	1	1	1	1	1	1	1	1	1	1	1	1	1	1	1	1	1	1
1	1	1	1	1	1	1	1	1	1	1	1	1	1	1	1	1	1	0.97475	0.88384	0.79177	0.70085	0.59776	0.51218	0.4347	0.36688	0.31173	0.26614	0.22448	0.18366	0.14239	0.11212	0.092993	0.091672	0.11192	0.15215	0.20746	0.29458	0.35619	0.40024	0.42243	0.42435	0.41291	0.39877	0.39391	0.46488	0.50077	0.57241	0.67691	0.80851	0.9602	1	1	1	1	1	1	1	1	1	1	1	1	1	1	1	1	1	1	1	1	1	1
1	1	1	1	1	1	1	1	1	1	1	1	1	1	1	1	1	1	1	0.99094	0.90179	0.81435	0.69909	0.61298	0.53608	0.45906	0.39367	0.3347	0.27781	0.22137	0.16762	0.12148	0.095695	0.092763	0.1185	0.15812	0.23907	0.31711	0.38854	0.44385	0.47844	0.49331	0.49457	0.49186	0.49608	0.59671	0.62917	0.69613	0.7938	0.91674	1	1	1	1	1	1	1	1	1	1	1	1	1	1	1	1	1	1	1	1	1	1	1
1	1	1	1	1	1	1	1	1	1	1	1	1	1	1	1	1	1	1	1	1	0.93211	0.80181	0.73387	0.63989	0.55745	0.48299	0.41231	0.34238	0.27294	0.20744	0.15291	0.11845	0.11377	0.14145	0.18045	0.26644	0.35053	0.42999	0.49531	0.5416	0.5692	0.58324	0.59214	0.61249	0.73883	0.7688	0.83064	0.92082	1	1	1	1	1	1	1	1	1	1	1	1	1	1	1	1	1	1	1	1	1	1	1	1
1	1	1	1	1	1	1	1	1	1	1	1	1	1	1	1	1	1	1	1	1	1	0.9447	0.84106	0.7466	0.65993	0.57812	0.49803	0.41786	0.33857	0.26458	0.20347	0.1647	0.15755	0.18617	0.25581	0.30989	0.39756	0.48272	0.55605	0.61242	0.65149	0.6809	0.70187	0.72482	0.88834	0.91566	0.97208	1	1	1	1	1	1	1	1	1	1	1	1	1	1	1	1	1	1	1	1	1	1	1	1	1
1	1	1	1	1	1	1	1	1	1	1	1	1	1	1	1	1	1	1	1	1	1	1	0.94806	0.85414	0.7648	0.6778	0.591	0.50376	0.41804	0.33895	0.27432	0.23341	0.22502	0.25551	0.32811	0.37085	0.45951	0.54775	0.62657	0.69297	0.7419	0.77826	0.80771	0.83702	1	1	1	1	1	1	1	1	1	1	1	1	1	1	1	1	1	1	1	1	1	1	1	1	1	1	1	1
1	1	1	1	1	1	1	1	1	1	1	1	1	1	1	1	1	1	1	1	1	1	1	1	0.96085	0.87065	0.78087	0.6903	0.59926	0.51051	0.42959	0.36428	0.32339	0.31498	0.34463	0.41407	0.51981	0.53914	0.62738	0.70868	0.77773	0.83298	0.8764	0.91244	1	1	1	1	1	1	1	1	1	1	1	1	1	1	1	1	1	1	1	1	1	1	1	1	1	1	1	1	1
1	1	1	1	1	1	1	1	1	1	1	1	1	1	1	1	1	1	1	1	1	1	1	1	1	0.97625	0.88616	0.79473	0.70306	0.61447	0.53465	0.4711	0.43197	0.42554	0.45327	0.51919	0.61954	0.74878	0.71475	0.79572	0.86665	0.92559	0.97368	1	1	1	1	1	1	1	1	1	1	1	1	1	1	1	1	1	1	1	1	1	1	1	1	1	1	1	1	1	1
1	1	1	1	1	1	1	1	1	1	1	1	1	1	1	1	1	1	1	1	1	1	1	1	1	1	0.99238	0.90279	0.81335	0.72768	0.6514	0.59154	0.56362	0.5523	0.5783	0.64013	0.73426	0.85545	0.99716	0.88767	0.95801	1	1	1	1	1	1	1	1	1	1	1	1	1	1	1	1	1	1	1	1	1	1	1	1	1	1	1	1	1	1	1	1
1	1	1	1	1	1	1	1	1	1	1	1	1	1	1	1	1	1	1	1	1	1	1	1	1	1	1	1	0.9278	0.84727	0.7764	0.74689	0.70236	0.69183	0.71592	0.77322	0.86045	0.97272	1	1	1	1	1	1	1	1	1	1	1	1	1	1	1	1	1	1	1	1	1	1	1	1	1	1	1	1	1	1	1	1	1	1	1
1	1	1	1	1	1	1	1	1	1	1	1	1	1	1	1	1	1	1	1	1	1	1	1	1	1	1	1	1	1	0.96017	0.89057	0.84974	0.84006	0.8621	0.91456	0.99442	1	1	1	1	1	1	1	1	1	1	1	1	1	1	1	1	1	1	1	1	1	1	1	1	1	1	1	1	1	1	1	1	1	1	1	1
1	1	1	1	1	1	1	1	1	1	1	1	1	1	1	1	1	1	1	1	1	1	1	1	1	1	1	1	1	1	1	1	1	0.9929	1	1	1	1	1	1	1	1	1	1	1	1	1	1	1	1	1	1	1	1	1	1	1	1	1	1	1	1	1	1	1	1	1	1	1	1	1	1	1
1	1	1	1	1	1	1	1	1	1	1	1	1	1	1	1	1	1	1	1	1	1	1	1	1	1	1	1	1	1	1	1	1	1	1	1	1	1	1	1	1	1	1	1	1	1	1	1	1	1	1	1	1	1	1	1	1	1	1	1	1	1	1	1	1	1	1	1	1	1	1	1	1
1	1	1	1	1	1	1	1	1	1	1	1	1	1	1	1	1	1	1	1	1	1	1	1	1	1	1	1	1	1	1	1	1	1	1	1	1	1	1	1	1	1	1	1	1	1	1	1	1	1	1	1	1	1	1	1	1	1	1	1	1	1	1	1	1	1	1	1	1	1	1	1	1
1	1	1	1	1	1	1	1	1	1	1	1	1	1	1	1	1	1	1	1	1	1	1	1	1	1	1	1	1	1	1	1	1	1	1	1	1	1	1	1	1	1	1	1	1	1	1	1	1	1	1	1	1	1	1	1	1	1	1	1	1	1	1	1	1	1	1	1	1	1	1	1	1
1	1	1	1	1	1	1	1	1	1	1	1	1	1	1	1	1	1	1	1	1	1	1	1	1	1	1	1	1	1	1	1	1	1	1	1	1	1	1	1	1	1	1	1	1	1	1	1	1	1	1	1	1	1	1	1	1	1	1	1	1	1	1	1	1	1	1	1	1	1	1	1	1
1	1	1	1	1	1	1	1	1	1	1	1	1	1	1	1	1	1	1	1	1	1	1	1	1	1	1	1	1	1	1	1	1	1	1	1	1	1	1	1	1	1	1	1	1	1	1	1	1	1	1	1	1	1	1	1	1	1	1	1	1	1	1	1	1	1	1	1	1	1	1	1	1
1	1	1	1	1	1	1	1	1	1	1	1	1	1	1	1	1	1	1	1	1	1	1	1	1	1	1	1	1	1	1	1	1	1	1	1	1	1	1	1	1	1	1	1	1	1	1	1	1	1	1	1	1	1	1	1	1	1	1	1	1	1	1	1	1	1	1	1	1	1	1	1	1
1	1	1	1	1	1	1	1	1	1	1	1	1	1	1	1	1	1	1	1	1	1	1	1	1	1	1	1	1	1	1	1	1	1	1	1	1	1	1	1	1	1	1	1	1	1	1	1	1	1	1	1	1	1	1	1	1	1	1	1	1	1	1	1	1	1	1	1	1	1	1	1	1
1	1	1	1	1	1	1	1	1	1	1	1	1	1	1	1	1	1	1	1	1	1	1	1	1	1	1	1	1	1	1	1	1	1	1	1	1	1	1	1	1	1	1	1	1	1	1	1	1	1	1	1	1	1	1	1	1	1	1	1	1	1	1	1	1	1	1	1	1	1	1	1	1
1	1	1	1	1	1	1	1	1	1	1	1	1	1	1	1	1	1	1	1	1	1	1	1	1	1	1	1	1	1	1	1	1	1	1	1	1	1	1	1	1	1	1	1	1	1	1	1	1	1	1	1	1	1	1	1	1	1	1	1	1	1	1	1	1	1	1	1	1	1	1	1	1
1	1	1	1	1	1	1	1	1	1	1	1	1	1	1	1	1	1	1	1	1	1	1	1	1	1	1	1	1	1	1	1	1	1	1	1	1	1	1	1	1	1	1	1	1	1	1	1	1	1	1	1	1	1	1	1	1	1	1	1	1	1	1	1	1	1	1	1	1	1	1	1	1
1	1	1	1	1	1	1	1	1	1	1	1	1	1	1	1	1	1	1	1	1	1	1	1	1	1	1	1	1	1	1	1	1	1	1	1	1	1	1	1	1	1	1	1	1	1	1	1	1	1	1	1	1	1	1	1	1	1	1	1	1	1	1	1	1	1	1	1	1	1	1	1	1
1	1	1	1	1	1	1	1	1	1	1	1	1	1	1	1	1	1	1	1	1	1	1	1	1	1	1	1	1	1	1	1	1	1	1	1	1	1	1	1	1	1	1	1	1	1	1	1	1	1	1	1	1	1	1	1	1	1	1	1	1	1	1	1	1	1	1	1	1	1	1	1	1
