-1	1	1	1	1	1	1	1	1	1	1	1	1	1	1	1	1	1	1	1	1	1	1	1	1	1	1	1	1	1	1	1	1	1	1	1	1	1	1	1	1	1	1	1	1	1	1	1	1	1	1	1	1	1	1	1	1	1	1	1	1	1	1	1	1	1	1	1	1	1	1	1	1
1	1	1	1	1	1	1	1	1	1	1	1	1	1	1	1	1	1	1	1	1	1	1	1	1	1	1	1	1	1	1	1	1	1	1	1	1	1	1	1	1	1	1	1	1	1	1	1	1	1	1	1	1	1	1	1	1	1	1	1	1	1	1	1	1	1	1	1	1	1	1	1	1
1	1	1	1	1	1	1	1	1	1	1	1	1	1	1	1	1	1	1	1	1	1	1	1	1	1	1	1	1	1	1	1	1	1	1	1	1	1	1	1	1	1	1	1	1	1	1	1	1	1	1	1	1	1	1	1	1	1	1	1	1	1	1	1	1	1	1	1	1	1	1	1	1
1	1	1	1	1	1	1	1	1	1	1	1	1	1	1	1	1	1	1	1	1	1	1	1	1	1	1	1	1	1	1	1	1	1	1	1	1	1	1	1	1	1	1	1	1	1	1	1	1	1	1	1	1	1	1	1	1	1	1	1	1	1	1	1	1	1	1	1	1	1	1	1	1
1	1	1	1	1	1	1	1	1	1	1	1	1	1	1	1	1	1	1	1	1	1	1	1	1	1	1	1	1	1	1	1	1	1	1	1	1	1	1	1	1	1	1	1	1	1	1	1	1	1	1	1	1	1	1	1	1	1	1	1	1	1	1	1	1	1	1	1	1	1	1	1	1
1	1	1	1	1	1	1	1	1	1	1	1	1	1	1	1	1	1	1	1	1	1	1	1	1	1	1	1	1	1	1	1	1	1	1	1	1	1	1	1	1	1	1	1	1	1	1	1	1	1	1	1	1	1	1	1	1	1	1	1	1	1	1	1	1	1	1	1	1	1	1	1	1
1	1	1	1	1	1	1	1	1	1	1	1	1	1	1	1	1	1	1	1	1	1	1	1	1	1	1	1	1	1	1	1	1	1	1	1	1	1	1	1	1	1	1	1	1	1	1	1	1	1	1	1	1	1	1	1	1	1	1	1	1	1	1	1	1	1	1	1	1	1	1	1	1
1	1	1	1	1	1	1	1	1	1	1	1	1	1	1	1	1	1	1	1	1	1	1	1	1	1	1	1	1	1	1	1	1	1	1	1	1	1	1	1	1	1	1	1	1	1	1	1	1	1	1	1	1	1	1	1	1	1	1	1	1	1	1	1	1	1	1	1	1	1	1	1	1
1	1	1	1	1	1	1	1	1	1	1	1	1	1	1	1	1	1	1	1	1	1	1	1	1	1	1	1	1	1	1	1	1	1	1	1	1	1	1	1	1	1	1	1	1	1	1	1	1	1	1	1	1	1	1	1	1	1	1	1	1	1	1	1	1	1	1	1	1	1	1	1	1
1	1	1	1	1	1	1	1	1	1	1	1	1	1	1	1	1	1	1	1	1	1	1	1	1	1	1	1	1	1	1	1	1	1	1	1	1	1	1	1	1	1	1	1	1	1	1	1	1	1	1	1	1	1	1	1	1	1	1	1	1	1	1	1	1	1	1	1	1	1	1	1	1
1	1	1	1	1	1	1	1	1	1	1	1	1	1	1	1	1	1	1	1	1	1	1	1	1	1	1	1	1	1	1	1	1	1	1	1	1	1	1	1	1	1	1	1	1	1	1	1	1	1	1	1	1	1	1	1	1	1	1	1	1	1	1	1	1	1	1	1	1	1	1	1	1
1	1	1	1	1	1	1	1	1	1	1	1	1	1	1	1	1	1	1	1	1	1	1	1	1	1	1	1	1	1	1	0.99505	0.98557	1	0.98956	1	1	1	1	1	1	1	1	1	1	1	1	1	1	1	1	1	1	1	1	1	1	1	1	1	1	1	1	1	1	1	1	1	1	1	1	1	1
1	1	1	1	1	1	1	1	1	1	1	1	1	1	1	1	1	1	1	1	1	1	1	1	1	1	1	1	1	0.95544	0.88493	0.84324	0.83281	0.82412	0.85371	0.89917	0.95494	1	1	1	1	1	1	1	1	1	1	1	1	1	1	1	1	1	1	1	1	1	1	1	1	1	1	1	1	1	1	1	1	1	1	1	1
1	1	1	1	1	1	1	1	1	1	1	1	1	1	1	1	1	1	1	1	1	1	1	1	1	1	1	1	0.92258	0.81855	0.74163	0.69619	0.67461	0.68551	0.71926	0.76943	0.82967	0.89494	0.96224	1	1	1	1	1	1	1	1	1	1	1	1	1	1	1	1	1	1	1	1	1	1	1	1	1	1	1	1	1	1	1	1	1	1
1	1	1	1	1	1	1	1	1	1	1	1	1	1	1	1	1	1	1	1	1	1	1	1	1	1	1	0.93732	0.80198	0.68981	0.60692	0.55648	0.53971	0.55302	0.59028	0.64405	0.70723	0.77452	0.84311	0.91268	0.98466	1	1	1	1	1	1	1	1	1	1	1	1	1	1	1	1	1	1	1	1	1	1	1	1	1	1	1	1	1	1	1	1
1	1	1	1	1	1	1	1	1	1	1	1	1	1	1	1	1	1	1	1	1	1	1	1	1	1	0.99828	0.83677	0.69251	0.57301	0.48474	0.43236	0.41589	0.43107	0.47073	0.52649	0.59062	0.65772	0.72536	0.79402	0.86611	0.94457	1	1	1	1	1	1	1	1	1	1	1	1	1	1	1	1	1	1	1	1	1	1	1	1	1	1	1	1	1	1	1
1	1	1	1	1	1	1	1	1	1	1	1	1	1	1	1	1	1	1	1	1	1	1	1	1	0.96194	0.82627	0.69236	0.56703	0.47172	0.3781	0.32401	0.30758	0.32371	0.36423	0.4199	0.48259	0.54696	0.6112	0.67676	0.74716	0.82629	0.91689	1	1	1	1	1	1	1	1	1	1	1	1	1	1	1	1	1	1	1	1	1	1	1	1	1	1	1	1	1	1
1	1	1	1	1	1	1	1	1	1	1	1	1	1	1	1	1	1	1	1	1	1	1	1	1	0.8885	0.74947	0.61262	0.48459	0.37332	0.28375	0.23446	0.21857	0.23436	0.27378	0.32696	0.38554	0.44451	0.50286	0.56317	0.63014	0.70868	0.7696	0.84956	0.9556	1	1	1	1	1	1	1	1	1	1	1	1	1	1	1	1	1	1	1	1	1	1	1	1	1	1	1	1
1	1	1	1	1	1	1	1	1	1	1	1	1	1	1	1	1	1	1	1	1	1	1	1	0.95744	0.81988	0.68051	0.54399	0.41658	0.29587	0.21583	0.16782	0.15171	0.16558	0.20168	0.24975	0.30148	0.35241	0.40253	0.45564	0.51768	0.58321	0.65912	0.74192	0.84046	0.92835	1	1	1	1	1	1	1	1	1	1	1	1	1	1	1	1	1	1	1	1	1	1	1	1	1	1	1
1	1	1	1	1	1	1	1	1	1	1	1	1	1	1	1	1	1	1	1	1	1	1	1	0.89207	0.7556	0.61891	0.48614	0.3629	0.24467	0.16926	0.12426	0.10867	0.11788	0.1494	0.18975	0.23203	0.27255	0.31243	0.35679	0.41147	0.47646	0.55182	0.6357	0.72885	0.81967	0.91045	0.99988	1	1	1	1	1	1	1	1	1	1	1	1	1	1	1	1	1	1	1	1	1	1	1	1	1
1	1	1	1	1	1	1	1	1	1	1	1	1	1	1	1	1	1	1	1	1	1	1	0.96013	0.82762	0.69448	0.5633	0.43756	0.32204	0.21091	0.14295	0.10287	0.08862	0.095046	0.11518	0.14787	0.17844	0.20664	0.23481	0.26865	0.3173	0.37804	0.45096	0.53382	0.6232	0.71424	0.80493	0.8947	0.98453	1	1	1	1	1	1	1	1	1	1	1	1	1	1	1	1	1	1	1	1	1	1	1	1
1	1	1	1	1	1	1	1	1	1	1	1	1	1	1	1	1	1	1	1	1	1	1	0.89349	0.76294	0.63492	0.51166	0.39589	0.29139	0.19188	0.1341	0.10092	0.089155	0.093082	0.1059	0.12156	0.14168	0.15628	0.16635	0.19558	0.23646	0.29124	0.35965	0.43903	0.52548	0.61366	0.70141	0.78908	0.87853	0.97187	1	1	1	1	1	1	1	1	1	1	1	1	1	1	1	1	1	1	1	1	1	1	1
1	1	1	1	1	1	1	1	1	1	1	1	1	1	1	1	1	1	1	1	1	1	0.95663	0.82489	0.69697	0.57527	0.46172	0.35829	0.25151	0.18379	0.13854	0.11435	0.10635	0.1085	0.11441	0.11903	0.12184	0.12138	0.12131	0.13995	0.17182	0.21891	0.28056	0.35379	0.43712	0.51919	0.60108	0.6842	0.77145	0.84489	0.92585	1	1	1	1	1	1	1	1	1	1	1	1	1	1	1	1	1	1	1	1	1	1
1	1	1	1	1	1	1	1	1	1	1	1	1	1	1	1	1	1	1	1	1	1	0.88708	0.75424	0.62907	0.51425	0.41148	0.32203	0.23337	0.18189	0.1519	0.13807	0.135	0.13637	0.13631	0.13101	0.11999	0.098346	0.096221	0.10351	0.12554	0.16325	0.21587	0.28019	0.35908	0.43184	0.50507	0.58142	0.65983	0.74087	0.82372	0.96401	1	1	1	1	1	1	1	1	1	1	1	1	1	1	1	1	1	1	1	1	1
1	1	1	1	1	1	1	1	1	1	1	1	1	1	1	1	1	1	1	1	1	0.95815	0.81663	0.68219	0.5594	0.45136	0.35969	0.28505	0.21506	0.1835	0.16906	0.16644	0.1692	0.17088	0.16631	0.15295	0.13192	0.1005	0.089452	0.087671	0.098919	0.12572	0.16709	0.23183	0.2919	0.35244	0.4146	0.48232	0.55691	0.63634	0.71971	0.84135	0.9248	1	1	1	1	1	1	1	1	1	1	1	1	1	1	1	1	1	1	1	1
1	1	1	1	1	1	1	1	1	1	1	1	1	1	1	1	1	1	1	1	1	0.89389	0.74703	0.61029	0.48913	0.38722	0.30626	0.23679	0.19818	0.18447	0.18536	0.19394	0.20296	0.20598	0.19863	0.17967	0.15172	0.11475	0.097569	0.088708	0.091384	0.10691	0.13507	0.19071	0.23595	0.28188	0.32726	0.3888	0.45768	0.53393	0.6162	0.72213	0.80857	0.89792	0.98884	1	1	1	1	1	1	1	1	1	1	1	1	1	1	1	1	1	1
1	1	1	1	1	1	1	1	1	1	1	1	1	1	1	1	1	1	1	1	1	0.91037	0.68074	0.54099	0.42054	0.32372	0.24072	0.20011	0.17964	0.18219	0.19701	0.21586	0.23093	0.23603	0.22768	0.20593	0.16157	0.13696	0.11677	0.10348	0.099356	0.10509	0.11998	0.16325	0.19154	0.209	0.25176	0.30338	0.36503	0.43643	0.51577	0.60897	0.69583	0.78554	0.87749	0.97242	1	1	1	1	1	1	1	1	1	1	1	1	1	1	1	1	1
1	1	1	1	1	1	1	1	1	1	1	1	1	1	1	1	1	1	1	1	1	0.83283	0.62088	0.47761	0.35695	0.25192	0.1928	0.16473	0.15938	0.17537	0.20157	0.22879	0.24898	0.25643	0.24867	0.22694	0.18578	0.16219	0.14267	0.12809	0.11955	0.11702	0.1198	0.14781	0.13927	0.15919	0.18835	0.22889	0.28188	0.34668	0.42103	0.50404	0.58843	0.67581	0.7665	0.8621	0.96418	1	1	1	1	1	1	1	1	1	1	1	1	1	1	1	1
1	1	1	1	1	1	1	1	1	1	1	1	1	1	1	1	1	1	1	0.96877	0.82769	0.68505	0.547	0.40949	0.29888	0.20363	0.15151	0.13279	0.14034	0.16416	0.19819	0.23098	0.25462	0.26414	0.25816	0.23902	0.2051	0.18596	0.17093	0.15839	0.14815	0.13934	0.15565	0.14781	0.12049	0.12434	0.13937	0.16795	0.21096	0.26737	0.33454	0.40908	0.48794	0.57026	0.65743	0.75199	0.81145	0.89193	1	1	1	1	1	1	1	1	1	1	1	1	1	1	1
1	1	1	1	1	1	1	1	1	1	1	1	1	1	1	1	1	1	1	0.90822	0.76628	0.62362	0.48602	0.35822	0.23961	0.16467	0.12026	0.10716	0.12073	0.15007	0.18765	0.22251	0.24729	0.25802	0.25448	0.23996	0.21637	0.20468	0.19774	0.19029	0.18069	0.16799	0.17939	0.13127	0.11544	0.10571	0.10663	0.12282	0.15466	0.20091	0.25867	0.32533	0.3957	0.47039	0.55197	0.62602	0.7072	0.78907	0.86985	0.97636	1	1	1	1	1	1	1	1	1	1	1	1	1
1	1	1	1	1	1	1	1	1	1	1	1	1	1	1	1	1	1	0.9877	0.85097	0.71095	0.57148	0.43782	0.31667	0.20643	0.13871	0.10108	0.090583	0.10594	0.1357	0.17219	0.20521	0.22838	0.23896	0.23793	0.21691	0.21804	0.21774	0.2202	0.21944	0.21277	0.22729	0.20647	0.14741	0.12172	0.10144	0.091437	0.095173	0.11487	0.1493	0.19884	0.25372	0.31291	0.37776	0.44863	0.52416	0.60358	0.68527	0.76701	0.86231	0.94195	1	1	1	1	1	1	1	1	1	1	1	1
1	1	1	1	1	1	1	1	1	1	1	1	1	1	1	1	1	1	0.93036	0.79579	0.66018	0.52695	0.40062	0.28707	0.18535	0.12546	0.093937	0.087017	0.098043	0.12441	0.15516	0.1824	0.20103	0.20976	0.19389	0.20144	0.20973	0.22264	0.23522	0.24241	0.26678	0.25795	0.23277	0.16828	0.13646	0.10899	0.090794	0.085182	0.092868	0.11402	0.15378	0.19493	0.24081	0.29406	0.35721	0.42729	0.50324	0.58297	0.66381	0.75005	0.8299	0.91011	0.9924	1	1	1	1	1	1	1	1	1	1
1	1	1	1	1	1	1	1	1	1	1	1	1	1	1	1	1	1	0.87192	0.74097	0.61186	0.48748	0.37154	0.25614	0.1791	0.12408	0.098515	0.093907	0.10329	0.11915	0.14064	0.15847	0.16979	0.17488	0.16627	0.17907	0.1956	0.21904	0.24143	0.27831	0.28895	0.28104	0.25448	0.1902	0.15619	0.1253	0.10224	0.089707	0.087862	0.095984	0.12404	0.1496	0.17682	0.22143	0.27531	0.3383	0.40897	0.48475	0.56259	0.64154	0.71908	0.79781	0.88038	0.96929	1	1	1	1	1	1	1	1	1
1	1	1	1	1	1	1	1	1	1	1	1	1	1	1	1	1	0.94045	0.81121	0.68477	0.56359	0.45009	0.34709	0.247	0.18362	0.14273	0.12192	0.11051	0.11713	0.12605	0.13214	0.13838	0.14007	0.12708	0.13717	0.15312	0.17572	0.20319	0.2541	0.28492	0.29941	0.29366	0.23842	0.20951	0.17721	0.14679	0.12228	0.10607	0.096742	0.10521	0.10839	0.11846	0.13035	0.16233	0.20569	0.26006	0.32359	0.39327	0.4658	0.53854	0.61117	0.68625	0.76746	0.85802	0.95933	1	1	1	1	1	1	1	1
1	1	1	1	1	1	1	1	1	1	1	1	1	1	1	1	1	0.87573	0.74742	0.62575	0.51325	0.41191	0.3237	0.24188	0.19423	0.16589	0.15298	0.1492	0.13818	0.14	0.13623	0.12704	0.11622	0.10424	0.11128	0.12763	0.15354	0.1856	0.24531	0.27975	0.29707	0.29412	0.24674	0.22307	0.19597	0.16912	0.14826	0.13088	0.11636	0.1204	0.1101	0.093633	0.10002	0.11901	0.15086	0.19519	0.24973	0.31113	0.37794	0.44267	0.50789	0.5773	0.65566	0.74687	0.85252	1	1	1	1	1	1	1	1
1	1	1	1	1	1	1	1	1	1	1	1	1	1	1	1	0.94306	0.80838	0.68045	0.56322	0.45943	0.37076	0.29834	0.23512	0.20583	0.19205	0.18804	0.18724	0.18354	0.17277	0.1539	0.12979	0.099452	0.091655	0.092292	0.10712	0.13252	0.16523	0.22894	0.26386	0.28232	0.2821	0.24492	0.22859	0.20957	0.19119	0.17561	0.15986	0.16131	0.14405	0.1225	0.092902	0.087438	0.093218	0.11292	0.14598	0.18978	0.24072	0.30131	0.35544	0.41104	0.4731	0.54739	0.63844	0.74792	0.91106	1	1	1	1	1	1	1
1	1	1	1	1	1	1	1	1	1	1	1	1	1	1	1	0.8781	0.73957	0.61116	0.49755	0.40185	0.32558	0.2608	0.22734	0.21554	0.21599	0.22145	0.22466	0.21972	0.20336	0.17604	0.12687	0.10237	0.089658	0.086744	0.094913	0.1163	0.14554	0.20766	0.23953	0.25693	0.23215	0.23136	0.22502	0.21585	0.2085	0.20045	0.20699	0.19427	0.17174	0.12506	0.10372	0.089109	0.085148	0.093421	0.11359	0.14567	0.18421	0.23703	0.27836	0.32263	0.37608	0.44547	0.53577	0.64862	0.80376	0.95588	1	1	1	1	1	1
1	1	1	1	1	1	1	1	1	1	1	1	1	1	1	1	0.92065	0.67137	0.54148	0.43037	0.34165	0.26553	0.22993	0.21508	0.21967	0.23361	0.24838	0.25624	0.25161	0.23224	0.19991	0.14703	0.1191	0.099137	0.090443	0.094686	0.10847	0.15218	0.18483	0.21006	0.19431	0.20497	0.21035	0.21161	0.21609	0.22014	0.23485	0.23565	0.22388	0.199	0.14866	0.12282	0.1024	0.091508	0.091218	0.10084	0.11882	0.14334	0.18602	0.21301	0.24485	0.28902	0.35304	0.44225	0.55809	0.70911	0.86998	1	1	1	1	1	1
1	1	1	1	1	1	1	1	1	1	1	1	1	1	1	1	0.83025	0.60667	0.47438	0.36456	0.26857	0.21825	0.1968	0.19784	0.21656	0.24218	0.26523	0.27778	0.27476	0.25492	0.22122	0.16996	0.14083	0.11885	0.10627	0.10319	0.1106	0.14206	0.16417	0.17946	0.16306	0.17386	0.1837	0.19409	0.20835	0.22203	0.24895	0.25522	0.24606	0.22176	0.17292	0.14644	0.12397	0.10955	0.10325	0.10394	0.10982	0.13829	0.14921	0.16108	0.18014	0.21491	0.27355	0.36152	0.47995	0.63009	0.79821	0.98029	1	1	1	1	1
1	1	1	1	1	1	1	1	1	1	1	1	1	1	0.9585	0.82063	0.68303	0.52882	0.40761	0.30376	0.21528	0.17371	0.16333	0.17657	0.20611	0.24057	0.26999	0.28657	0.28594	0.26787	0.23629	0.19147	0.165	0.14482	0.1313	0.12386	0.12171	0.14424	0.148	0.12829	0.13412	0.14257	0.15336	0.17148	0.19292	0.21427	0.25178	0.26319	0.25783	0.23676	0.19412	0.17075	0.15004	0.1358	0.12594	0.11955	0.11524	0.13284	0.12679	0.12273	0.13104	0.15687	0.21045	0.29719	0.41775	0.56921	0.74291	0.93109	1	1	1	1	1
1	1	1	1	1	1	1	1	1	1	1	1	1	1	0.88886	0.74916	0.61038	0.47854	0.35034	0.2386	0.17106	0.13352	0.13244	0.1535	0.18967	0.22931	0.26239	0.28162	0.28355	0.26892	0.22922	0.20796	0.18795	0.17327	0.16134	0.15128	0.16699	0.15865	0.14485	0.11497	0.11047	0.1104	0.12671	0.14624	0.17162	0.21397	0.24307	0.25857	0.25758	0.24183	0.20919	0.19229	0.17768	0.16594	0.15535	0.1444	0.15905	0.14201	0.12184	0.10477	0.099964	0.11792	0.16706	0.25262	0.37474	0.52848	0.7059	0.89815	1	1	1	1	1
1	1	1	1	1	1	1	1	1	1	1	1	1	0.9597	0.82311	0.68449	0.54785	0.41867	0.30391	0.198	0.13779	0.10733	0.10349	0.13201	0.16988	0.21044	0.24387	0.26375	0.26772	0.25755	0.22881	0.21696	0.20707	0.19973	0.19181	0.20628	0.19684	0.17812	0.12717	0.11047	0.099349	0.095157	0.099378	0.12176	0.14738	0.19354	0.22408	0.24199	0.24525	0.22556	0.21617	0.20847	0.20207	0.19566	0.18684	0.17384	0.18645	0.15953	0.1282	0.10128	0.088152	0.099785	0.14508	0.2306	0.35354	0.50925	0.68842	0.8826	1	1	1	1	1
1	1	1	1	1	1	1	1	1	1	1	1	1	0.89513	0.76034	0.62561	0.49438	0.37141	0.25092	0.16928	0.11664	0.092156	0.091931	0.10948	0.15021	0.18721	0.21736	0.23546	0.24041	0.22012	0.21934	0.21746	0.21906	0.22064	0.21848	0.23909	0.22568	0.19945	0.1397	0.11441	0.095799	0.087374	0.088277	0.098555	0.12392	0.16891	0.19745	0.21562	0.20774	0.21406	0.21592	0.21722	0.22034	0.22096	0.2159	0.23674	0.21462	0.18124	0.14303	0.10992	0.092114	0.10048	0.14374	0.22619	0.35715	0.51216	0.69107	0.88495	1	1	1	1	1
1	1	1	1	1	1	1	1	1	1	1	1	0.96192	0.83034	0.69918	0.57076	0.44792	0.33452	0.22387	0.15275	0.10777	0.08869	0.090323	0.10592	0.12841	0.16371	0.18698	0.20068	0.18629	0.1945	0.20156	0.20992	0.22121	0.2334	0.26338	0.26428	0.24907	0.18652	0.15596	0.12599	0.10192	0.087436	0.084632	0.090292	0.11137	0.14384	0.16693	0.166	0.18203	0.19471	0.20548	0.21936	0.23297	0.23861	0.27093	0.26287	0.23896	0.20291	0.16223	0.12755	0.10933	0.11792	0.16154	0.24404	0.38407	0.53712	0.71375	0.90514	1	1	1	1	1
1	1	1	1	1	1	1	1	1	1	1	1	0.89449	0.76432	0.63806	0.51783	0.40584	0.30497	0.20845	0.1498	0.11424	0.099302	0.098978	0.11088	0.1257	0.14436	0.15754	0.14389	0.1538	0.16459	0.17771	0.19518	0.21548	0.25616	0.27526	0.27849	0.26348	0.20278	0.17231	0.14169	0.11602	0.098493	0.089033	0.089492	0.10584	0.11666	0.137	0.13646	0.15303	0.17002	0.1879	0.21151	0.23285	0.2741	0.28497	0.27859	0.25558	0.22065	0.18204	0.15065	0.13653	0.14911	0.19576	0.28995	0.40838	0.58329	0.75571	0.94248	1	1	1	1	1
1	1	1	1	1	1	1	1	1	1	1	0.95845	0.8249	0.69635	0.57564	0.46481	0.36546	0.27942	0.20059	0.15666	0.13221	0.12315	0.12389	0.1284	0.13085	0.13266	0.13138	0.11766	0.12363	0.1345	0.15141	0.17485	0.20136	0.25154	0.27433	0.27986	0.26662	0.21236	0.18544	0.15804	0.1339	0.11745	0.10559	0.098115	0.1071	0.10798	0.10041	0.11039	0.12481	0.14339	0.16792	0.19561	0.22234	0.27183	0.28551	0.28159	0.26172	0.2314	0.19911	0.175	0.17012	0.19042	0.24282	0.34257	0.4597	0.64915	0.81552	0.99569	1	1	1	1	1
1	1	1	1	1	1	1	1	1	1	1	0.88952	0.75357	0.62636	0.51124	0.41027	0.32454	0.25487	0.1962	0.16823	0.1569	0.15522	0.15693	0.15637	0.14992	0.13714	0.10745	0.10086	0.098944	0.10883	0.12633	0.15188	0.18114	0.23673	0.26101	0.26817	0.25769	0.21336	0.19283	0.17202	0.15502	0.14176	0.12919	0.13328	0.12172	0.1071	0.090688	0.091254	0.10192	0.11975	0.14468	0.17417	0.20327	0.25742	0.27253	0.27125	0.25614	0.23325	0.21096	0.19863	0.20663	0.23802	0.31271	0.40426	0.52079	0.6576	0.89124	1	1	1	1	1	1
1	1	1	1	1	1	1	1	1	1	1	0.82073	0.68173	0.55522	0.44517	0.35382	0.28188	0.22161	0.19102	0.18158	0.18355	0.18988	0.19369	0.18965	0.17519	0.15147	0.10979	0.095465	0.088883	0.091108	0.10635	0.13003	0.15821	0.21427	0.23732	0.2449	0.23749	0.20519	0.19307	0.1814	0.17478	0.16725	0.17414	0.16279	0.14333	0.10475	0.09107	0.085355	0.087715	0.10124	0.12328	0.15081	0.1788	0.23313	0.2478	0.24868	0.23923	0.22579	0.21628	0.2189	0.2432	0.28843	0.37459	0.47072	0.58765	0.72136	0.98042	1	1	1	1	1	1
1	1	1	1	1	1	1	1	1	1	0.99978	0.75425	0.61153	0.48485	0.37894	0.29636	0.22776	0.19668	0.18548	0.1925	0.2074	0.22191	0.22874	0.22296	0.20309	0.17172	0.12279	0.099233	0.088354	0.087037	0.095159	0.11347	0.1587	0.18778	0.20669	0.21304	0.18757	0.18702	0.18514	0.18607	0.19046	0.20635	0.20585	0.19314	0.16865	0.12293	0.10201	0.088106	0.085863	0.092285	0.10792	0.12977	0.15301	0.20263	0.21466	0.21672	0.2131	0.21021	0.21524	0.23489	0.27794	0.3526	0.4363	0.53833	0.65678	0.78824	0.92779	1	1	1	1	1	1
1	1	1	1	1	1	1	1	1	1	0.91888	0.69289	0.54593	0.41821	0.3153	0.22975	0.18673	0.17122	0.17692	0.19845	0.22486	0.24695	0.25727	0.25142	0.22895	0.17231	0.14293	0.11711	0.09974	0.092485	0.096189	0.10612	0.14197	0.16167	0.17358	0.15421	0.16036	0.16609	0.17376	0.18544	0.19738	0.22836	0.23197	0.21995	0.19357	0.14591	0.12138	0.10278	0.092888	0.094736	0.10265	0.11539	0.15583	0.17052	0.17767	0.17961	0.18135	0.18923	0.20948	0.24707	0.32085	0.40051	0.49548	0.60444	0.72548	0.85559	0.99068	1	1	1	1	1	1
1	1	1	1	1	1	1	1	1	0.90051	0.7588	0.61938	0.48855	0.35912	0.25806	0.18195	0.14933	0.14632	0.16529	0.19822	0.23366	0.26188	0.27555	0.27096	0.24865	0.19469	0.16604	0.14017	0.12158	0.11097	0.1067	0.10981	0.13249	0.14058	0.12179	0.12634	0.13275	0.14189	0.15833	0.17848	0.21838	0.24115	0.24911	0.2395	0.21435	0.16984	0.14557	0.12555	0.11325	0.10636	0.10811	0.11153	0.13807	0.14191	0.1422	0.1426	0.14878	0.16685	0.20272	0.259	0.35018	0.44466	0.55114	0.66762	0.79198	0.92155	1	1	1	1	1	1	1
1	1	1	1	1	1	1	1	0.97733	0.83673	0.69344	0.55293	0.41704	0.30198	0.20191	0.14381	0.1184	0.12396	0.1517	0.19194	0.233	0.26508	0.28131	0.2788	0.259	0.21232	0.18808	0.16581	0.15006	0.13843	0.12998	0.1447	0.13564	0.12902	0.10633	0.10455	0.10863	0.11999	0.14038	0.16592	0.2156	0.24319	0.25509	0.24913	0.21041	0.19112	0.1708	0.15312	0.14122	0.13255	0.1249	0.14084	0.13058	0.12192	0.11387	0.11146	0.12093	0.14817	0.19718	0.26926	0.37778	0.48606	0.60357	0.72752	0.85551	0.98505	1	1	1	1	1	1	1
1	1	1	1	1	1	1	1	0.91879	0.77852	0.63677	0.49858	0.37048	0.25946	0.16798	0.11729	0.096724	0.10675	0.13822	0.181	0.22357	0.25654	0.27387	0.27364	0.23731	0.22273	0.20562	0.19144	0.18067	0.17065	0.18211	0.17258	0.15518	0.11387	0.10119	0.092714	0.091893	0.10182	0.12237	0.14961	0.2046	0.23435	0.24914	0.24748	0.2187	0.20679	0.19372	0.18191	0.17346	0.16355	0.15122	0.16261	0.14007	0.11507	0.098026	0.091283	0.10325	0.1377	0.19801	0.29784	0.4065	0.5268	0.65407	0.78479	0.91617	1	1	1	1	1	1	1	1
1	1	1	1	1	1	1	0.99664	0.86219	0.72474	0.58756	0.45508	0.33314	0.22047	0.14686	0.10318	0.087951	0.096234	0.12749	0.16774	0.20734	0.23782	0.25428	0.22911	0.22918	0.22351	0.21612	0.21248	0.20896	0.2029	0.21898	0.20412	0.17831	0.13013	0.10489	0.091196	0.085606	0.090483	0.10726	0.13216	0.18711	0.21594	0.232	0.23465	0.21759	0.21498	0.2118	0.20971	0.20598	0.19767	0.2141	0.19091	0.15837	0.12353	0.095858	0.087262	0.10037	0.14067	0.20991	0.32071	0.43966	0.56949	0.70459	0.8407	0.97464	1	1	1	1	1	1	1	1
1	1	1	1	1	1	1	0.93837	0.80612	0.67358	0.54364	0.42002	0.30764	0.20499	0.1381	0.10138	0.090131	0.09885	0.12044	0.15518	0.18735	0.21182	0.19492	0.20592	0.21208	0.2155	0.2193	0.22609	0.23113	0.25518	0.25194	0.2344	0.18252	0.15279	0.12394	0.098541	0.088857	0.088605	0.098127	0.11666	0.16584	0.19047	0.20585	0.21222	0.20739	0.21515	0.22374	0.23134	0.23489	0.2619	0.24925	0.22119	0.18216	0.1406	0.10762	0.094648	0.11066	0.15641	0.23299	0.35453	0.48048	0.61685	0.75725	0.8968	1	1	1	1	1	1	1	1	1
1	1	1	1	1	1	1	0.87802	0.74895	0.62287	0.50229	0.39019	0.29042	0.20172	0.14758	0.11059	0.1026	0.11002	0.12592	0.14423	0.16734	0.18254	0.16564	0.17717	0.18799	0.19943	0.21434	0.23144	0.26386	0.27749	0.27647	0.25902	0.20931	0.17897	0.14815	0.12248	0.10061	0.095241	0.097622	0.12429	0.14419	0.16154	0.17414	0.17571	0.19125	0.20782	0.22988	0.24849	0.28539	0.29139	0.27889	0.24892	0.20716	0.1631	0.12847	0.11509	0.13272	0.1841	0.28118	0.40204	0.53151	0.67112	0.81392	0.95454	1	1	1	1	1	1	1	1	1
1	1	1	1	1	1	0.94436	0.81477	0.68927	0.57052	0.46074	0.36214	0.27744	0.20586	0.16476	0.1423	0.13456	0.12898	0.13796	0.1453	0.14897	0.13011	0.13699	0.14668	0.15992	0.1772	0.20084	0.22582	0.2687	0.28708	0.28929	0.27445	0.23163	0.20451	0.17571	0.15073	0.12951	0.10991	0.10456	0.11949	0.12599	0.13342	0.14129	0.14853	0.16907	0.19632	0.2254	0.25207	0.30064	0.31013	0.29923	0.27002	0.22917	0.18683	0.15491	0.14491	0.16584	0.22319	0.32656	0.44222	0.5943	0.73377	0.8759	1	1	1	1	1	1	1	1	1	1
1	1	1	1	1	1	0.87843	0.74835	0.6262	0.51496	0.41665	0.33277	0.25739	0.21161	0.18597	0.17398	0.17018	0.16882	0.16515	0.15243	0.14354	0.11518	0.11166	0.11276	0.13177	0.15262	0.18051	0.22666	0.26079	0.28274	0.28866	0.27848	0.24629	0.2258	0.20269	0.1825	0.16129	0.14099	0.14061	0.12453	0.11472	0.11078	0.10769	0.12253	0.14546	0.17835	0.21328	0.2458	0.30384	0.31616	0.30762	0.28127	0.24451	0.20778	0.18267	0.17997	0.20746	0.2829	0.37989	0.50372	0.64802	0.89162	1	1	1	1	1	1	1	1	1	1	1
1	1	1	1	1	0.94913	0.81067	0.67932	0.55985	0.45565	0.3687	0.29991	0.24236	0.21724	0.20714	0.20598	0.20711	0.20449	0.19398	0.17449	0.12461	0.10912	0.099166	0.096411	0.10228	0.1278	0.15618	0.20613	0.24131	0.26508	0.27453	0.27044	0.25133	0.24023	0.22844	0.2139	0.19519	0.19117	0.16895	0.14253	0.11522	0.098779	0.090909	0.10246	0.12566	0.15864	0.19602	0.26254	0.2953	0.30901	0.30282	0.28068	0.25051	0.22262	0.20791	0.21604	0.25311	0.33738	0.43644	0.55905	0.69951	0.96823	1	1	1	1	1	1	1	1	1	1	1
1	1	1	1	1	1	0.74282	0.60927	0.49144	0.39331	0.31695	0.25406	0.226	0.21859	0.22364	0.23334	0.24002	0.23752	0.22237	0.19478	0.13569	0.10999	0.094342	0.08741	0.090053	0.10223	0.13154	0.18022	0.21297	0.23635	0.24862	0.24131	0.24634	0.24656	0.24717	0.24111	0.22712	0.22721	0.19931	0.16368	0.12686	0.09393	0.086173	0.090913	0.11044	0.14106	0.17706	0.24587	0.27675	0.28976	0.28516	0.26778	0.24581	0.22917	0.2277	0.24955	0.31296	0.39222	0.49492	0.61753	0.755	0.90107	1	1	1	1	1	1	1	1	1	1	1
1	1	1	1	1	0.91728	0.67743	0.5408	0.42346	0.33009	0.25184	0.21651	0.20531	0.21379	0.23251	0.25222	0.26453	0.26332	0.24588	0.18227	0.15126	0.12166	0.09682	0.08632	0.08511	0.092553	0.11633	0.15285	0.1797	0.20032	0.20177	0.21855	0.23259	0.24461	0.25319	0.26121	0.27443	0.2584	0.2276	0.18646	0.14292	0.10476	0.089922	0.0913	0.10492	0.12997	0.1603	0.22573	0.25112	0.26089	0.25656	0.24372	0.2307	0.22673	0.24049	0.28909	0.35551	0.44387	0.55179	0.67584	0.81147	0.95319	1	1	1	1	1	1	1	1	1	1	1
1	1	1	1	1	0.83765	0.67204	0.47739	0.35949	0.25754	0.20213	0.17862	0.18108	0.20248	0.23231	0.26026	0.27758	0.27842	0.2609	0.19894	0.16767	0.137	0.11197	0.095635	0.088209	0.090107	0.10851	0.12841	0.14625	0.14841	0.16896	0.1903	0.21241	0.23462	0.25361	0.28996	0.29474	0.28108	0.25021	0.20755	0.16199	0.12337	0.10528	0.10081	0.11064	0.1282	0.17861	0.20583	0.22224	0.22615	0.22037	0.21127	0.20713	0.21631	0.25318	0.31165	0.39153	0.49021	0.60474	0.73161	0.86665	1	1	1	1	1	1	1	1	1	1	1	1
1	1	1	1	0.95976	0.77376	0.60167	0.4231	0.30387	0.20735	0.15822	0.14324	0.15534	0.18577	0.22318	0.25674	0.27772	0.28081	0.26501	0.20947	0.18155	0.15372	0.13066	0.11376	0.10276	0.09663	0.10723	0.10987	0.11776	0.11848	0.13683	0.16015	0.18797	0.2177	0.24469	0.29325	0.30293	0.29262	0.26424	0.22395	0.17465	0.14677	0.12904	0.12237	0.12541	0.15849	0.17622	0.18817	0.19451	0.19015	0.18116	0.1746	0.17966	0.2026	0.2537	0.32747	0.42104	0.53069	0.65278	0.7836	0.91916	1	1	1	1	1	1	1	1	1	1	1	1
1	1	1	1	0.91883	0.72775	0.55101	0.3974	0.25396	0.16962	0.12406	0.11388	0.13124	0.16601	0.20678	0.2426	0.2652	0.2701	0.25724	0.21178	0.19018	0.16868	0.15145	0.13784	0.1254	0.12997	0.11893	0.10674	0.092014	0.094914	0.10479	0.13224	0.16228	0.19589	0.22772	0.28498	0.29821	0.29163	0.26783	0.23338	0.19384	0.17174	0.15773	0.15109	0.15007	0.18401	0.18681	0.18271	0.1719	0.15466	0.14464	0.13951	0.15084	0.18488	0.25089	0.33895	0.44567	0.56624	0.69626	0.83165	0.96852	1	1	1	1	1	1	1	1	1	1	1	1
1	1	1	1	0.8952	0.70119	0.52177	0.36586	0.23225	0.14818	0.10349	0.094283	0.11216	0.14645	0.18597	0.22026	0.24192	0.24759	0.2382	0.20506	0.19196	0.17959	0.17207	0.16369	0.17052	0.15846	0.13875	0.1151	0.089743	0.085967	0.091465	0.10654	0.13869	0.17212	0.20504	0.26633	0.28119	0.27811	0.26028	0.22732	0.20881	0.19498	0.18721	0.18308	0.21331	0.21394	0.20481	0.18562	0.16062	0.13523	0.1141	0.11027	0.12675	0.17028	0.24913	0.34975	0.46833	0.599	0.73658	0.87656	1	1	1	1	1	1	1	1	1	1	1	1	1
1	1	1	1	0.88969	0.69501	0.51496	0.35851	0.23354	0.14602	0.099727	0.087882	0.10184	0.1308	0.16446	0.19329	0.21119	0.21614	0.2101	0.19002	0.18669	0.18687	0.18902	0.20463	0.20265	0.18844	0.16285	0.11813	0.097852	0.086261	0.086988	0.098043	0.1181	0.14981	0.21109	0.23968	0.25384	0.25345	0.23006	0.22342	0.21607	0.21315	0.21352	0.21379	0.2498	0.24453	0.22596	0.19541	0.15895	0.1232	0.099268	0.092816	0.1132	0.16438	0.25336	0.3642	0.49263	0.63183	0.77586	0.91977	1	1	1	1	1	1	1	1	1	1	1	1	1
1	1	1	1	0.90251	0.70941	0.53081	0.37561	0.25186	0.16489	0.11496	0.097364	0.10352	0.12276	0.14637	0.16608	0.17744	0.17991	0.1642	0.16888	0.17586	0.18673	0.21367	0.22821	0.22976	0.2154	0.18697	0.13912	0.11445	0.097235	0.091454	0.097517	0.11184	0.13247	0.18654	0.20839	0.21933	0.20337	0.20838	0.21141	0.21533	0.22399	0.25758	0.27413	0.27992	0.27086	0.24598	0.20803	0.16423	0.12293	0.094783	0.090758	0.11514	0.17551	0.26835	0.38664	0.52231	0.66779	0.81647	0.963	1	1	1	1	1	1	1	1	1	1	1	1	1
1	1	1	1	0.93319	0.74389	0.56878	0.41577	0.29358	0.20554	0.15136	0.12596	0.11966	0.12633	0.13579	0.14335	0.14572	0.12993	0.13598	0.14508	0.16142	0.1812	0.22182	0.24298	0.24833	0.23548	0.20716	0.16098	0.13557	0.11604	0.10605	0.10546	0.11268	0.14641	0.15941	0.17647	0.16158	0.17137	0.18126	0.19254	0.21094	0.23187	0.27208	0.29286	0.29949	0.28881	0.26104	0.22009	0.17332	0.13192	0.10414	0.10188	0.13198	0.1998	0.29807	0.42072	0.56063	0.70963	0.86063	1	1	1	1	1	1	1	1	1	1	1	1	1	1
1	1	1	1	0.98067	0.79728	0.62757	0.4759	0.3559	0.26673	0.20761	0.17334	0.15584	0.1465	0.13669	0.12971	0.10784	0.10648	0.11095	0.12327	0.1444	0.17018	0.22152	0.24739	0.25606	0.24582	0.20267	0.17986	0.15717	0.1388	0.12797	0.12285	0.1218	0.14808	0.14827	0.14837	0.13175	0.1396	0.15248	0.17131	0.19618	0.23938	0.27403	0.29794	0.30579	0.29543	0.26815	0.22871	0.18486	0.14807	0.12531	0.1277	0.1662	0.24054	0.33999	0.46898	0.6099	0.75938	1	1	1	1	1	1	1	1	1	1	1	1	1	1	1
1	1	1	1	1	0.86775	0.7052	0.55273	0.43539	0.34507	0.2806	0.23686	0.20636	0.18149	0.15698	0.12963	0.1019	0.092644	0.093323	0.10522	0.12749	0.15568	0.21342	0.24129	0.25209	0.24487	0.20956	0.19257	0.1756	0.161	0.15344	0.14705	0.13978	0.15858	0.14281	0.1135	0.10758	0.11248	0.12524	0.14682	0.17569	0.22627	0.26356	0.28888	0.29783	0.28929	0.26551	0.23176	0.19574	0.16883	0.15577	0.16666	0.21381	0.29068	0.39916	0.56206	0.7252	0.90528	1	1	1	1	1	1	1	1	1	1	1	1	1	1	1
1	1	1	1	1	0.95296	0.7991	0.64258	0.52831	0.43693	0.36706	0.31384	0.27055	0.23076	0.1906	0.15033	0.11096	0.092368	0.086594	0.094405	0.11397	0.14057	0.19931	0.22595	0.23703	0.23254	0.20662	0.19705	0.18815	0.18232	0.17955	0.17398	0.19443	0.17645	0.14963	0.1086	0.096753	0.093195	0.10335	0.12391	0.15277	0.2061	0.24249	0.26703	0.27641	0.27065	0.25278	0.22825	0.20426	0.19191	0.19268	0.22118	0.27334	0.35384	0.46198	0.63908	0.79563	0.96836	1	1	1	1	1	1	1	1	1	1	1	1	1	1	1
1	1	1	1	1	1	0.90627	0.74169	0.63087	0.53874	0.46383	0.40172	0.34662	0.29335	0.23944	0.18264	0.13693	0.10798	0.093603	0.094125	0.10721	0.15096	0.18196	0.20387	0.21297	0.18656	0.18774	0.19271	0.19288	0.19844	0.20237	0.23028	0.22139	0.19724	0.13933	0.11343	0.094642	0.08699	0.090499	0.10666	0.13153	0.18235	0.21415	0.23539	0.24412	0.24148	0.23114	0.21846	0.20975	0.21569	0.23863	0.27863	0.3404	0.42573	0.53424	0.6629	0.8814	1	1	1	1	1	1	1	1	1	1	1	1	1	1	1	1
1	1	1	1	1	1	1	0.84648	0.73952	0.64719	0.56803	0.4982	0.43293	0.36833	0.30324	0.2397	0.18581	0.14087	0.11638	0.10701	0.11027	0.14408	0.16476	0.17854	0.15656	0.16298	0.16955	0.18047	0.19533	0.21105	0.24474	0.25345	0.24437	0.2175	0.15729	0.1274	0.10345	0.090004	0.08998	0.099063	0.13181	0.15923	0.18289	0.1983	0.20499	0.20527	0.20327	0.20402	0.21264	0.24322	0.28325	0.33858	0.41118	0.50243	0.61214	0.73794	0.97978	1	1	1	1	1	1	1	1	1	1	1	1	1	1	1	1
1	1	1	1	1	1	1	0.95369	0.8511	0.75934	0.67712	0.60124	0.52798	0.45471	0.38143	0.31132	0.24855	0.19709	0.15951	0.13476	0.12553	0.14448	0.15142	0.15417	0.13196	0.13747	0.14734	0.16537	0.18781	0.21104	0.25494	0.26751	0.26029	0.23404	0.17709	0.14724	0.12193	0.10558	0.098921	0.10287	0.12594	0.14121	0.15371	0.16099	0.16421	0.16675	0.17312	0.18781	0.21463	0.26855	0.3275	0.39861	0.48273	0.58072	0.69239	0.81593	1	1	1	1	1	1	1	1	1	1	1	1	1	1	1	1	1
1	1	1	1	1	1	1	1	0.96291	0.87271	0.7889	0.70899	0.63029	0.5513	0.473	0.39514	0.32544	0.26568	0.21784	0.18193	0.17072	0.15481	0.14566	0.11612	0.11178	0.11386	0.12524	0.14622	0.17359	0.20238	0.25449	0.27082	0.26694	0.24423	0.19537	0.16936	0.14644	0.13042	0.12167	0.13345	0.13307	0.13313	0.13166	0.12907	0.12751	0.13141	0.14558	0.17364	0.21819	0.29402	0.37103	0.45755	0.55326	0.65834	0.77251	0.89433	1	1	1	1	1	1	1	1	1	1	1	1	1	1	1	1	1
1	1	1	1	1	1	1	1	1	0.98521	0.90148	0.81976	0.7383	0.65659	0.56847	0.48846	0.41372	0.34708	0.28994	0.24822	0.21447	0.1839	0.15205	0.11413	0.10007	0.096464	0.10525	0.12605	0.15508	0.20886	0.24374	0.26297	0.26315	0.24622	0.20915	0.19029	0.17328	0.16133	0.15274	0.1647	0.15606	0.14088	0.12153	0.10795	0.10068	0.10498	0.12567	0.16587	0.22636	0.32136	0.41467	0.5154	0.62203	0.73402	0.85084	0.97131	1	1	1	1	1	1	1	1	1	1	1	1	1	1	1	1	1
1	1	1	1	1	1	1	1	1	1	1	0.93188	0.85029	0.7687	0.67013	0.58836	0.51034	0.43828	0.37302	0.31861	0.26958	0.2222	0.1612	0.12526	0.10003	0.088192	0.091321	0.1084	0.1354	0.1899	0.22422	0.24475	0.24895	0.2392	0.21625	0.20715	0.19906	0.19493	0.20859	0.20297	0.18675	0.16064	0.12972	0.10243	0.088917	0.092712	0.11858	0.16883	0.24278	0.3531	0.46019	0.57313	0.68931	0.8074	0.92656	1	1	1	1	1	1	1	1	1	1	1	1	1	1	1	1	1	1
1	1	1	1	1	1	1	1	1	1	1	1	0.96434	0.88538	0.7736	0.69188	0.6122	0.53616	0.46423	0.39796	0.33508	0.27284	0.20524	0.1513	0.11418	0.092296	0.086932	0.096831	0.11797	0.168	0.19842	0.21814	0.2256	0.22359	0.21563	0.21809	0.2213	0.24393	0.25069	0.24508	0.22452	0.19104	0.15125	0.11729	0.096376	0.099057	0.1286	0.18657	0.28461	0.39205	0.50977	0.63228	0.75598	0.87879	0.9995	1	1	1	1	1	1	1	1	1	1	1	1	1	1	1	1	1	1
1	1	1	1	1	1	1	1	1	1	1	1	1	1	0.87634	0.79617	0.73146	0.64183	0.56085	0.4848	0.41027	0.33269	0.26145	0.19812	0.14711	0.11104	0.094903	0.094503	0.12097	0.14646	0.16964	0.18616	0.19558	0.20106	0.20766	0.22259	0.24328	0.27734	0.29135	0.28874	0.26753	0.23077	0.18628	0.15277	0.1259	0.12718	0.15903	0.22228	0.32642	0.44078	0.5656	0.69456	0.82324	0.9489	1	1	1	1	1	1	1	1	1	1	1	1	1	1	1	1	1	1	1
1	1	1	1	1	1	1	1	1	1	1	1	1	1	1	0.93794	0.83917	0.74774	0.66163	0.57797	0.49451	0.41076	0.33038	0.25731	0.19578	0.149	0.11711	0.10388	0.11645	0.12877	0.14169	0.15268	0.16248	0.17459	0.196	0.2245	0.2554	0.30636	0.32951	0.33279	0.31464	0.27883	0.23399	0.2094	0.1788	0.17959	0.21164	0.28498	0.38357	0.50113	0.62937	0.76142	0.89222	1	1	1	1	1	1	1	1	1	1	1	1	1	1	1	1	1	1	1	1
1	1	1	1	1	1	1	1	1	1	1	1	1	1	1	1	0.94631	0.85444	0.76516	0.67645	0.5871	0.49709	0.41013	0.32949	0.25901	0.20143	0.1579	0.13741	0.12358	0.11982	0.11992	0.12327	0.13187	0.1495	0.17993	0.2198	0.26369	0.33183	0.36548	0.37714	0.36543	0.33452	0.29344	0.2544	0.25432	0.25412	0.29216	0.35864	0.45667	0.57389	0.70197	0.83372	0.9637	1	1	1	1	1	1	1	1	1	1	1	1	1	1	1	1	1	1	1	1
1	1	1	1	1	1	1	1	1	1	1	1	1	1	1	1	1	0.96053	0.87022	0.77917	0.68707	0.58954	0.49845	0.41232	0.33449	0.26717	0.21459	0.1753	0.14481	0.12022	0.10618	0.10042	0.10614	0.12738	0.16513	0.21525	0.27157	0.35595	0.40078	0.4226	0.42005	0.39736	0.36353	0.33061	0.35049	0.35035	0.38743	0.46318	0.57368	0.71288	0.8734	1	1	1	1	1	1	1	1	1	1	1	1	1	1	1	1	1	1	1	1	1	1
1	1	1	1	1	1	1	1	1	1	1	1	1	1	1	1	1	1	0.97565	0.88492	0.79308	0.68588	0.59285	0.50317	0.41957	0.34379	0.27902	0.2244	0.17678	0.13588	0.10453	0.089209	0.091193	0.11476	0.15686	0.21576	0.28331	0.38178	0.43771	0.47062	0.47903	0.46693	0.44296	0.41861	0.46427	0.46488	0.50077	0.57241	0.67691	0.80851	0.9602	1	1	1	1	1	1	1	1	1	1	1	1	1	1	1	1	1	1	1	1	1	1
1	1	1	1	1	1	1	1	1	1	1	1	1	1	1	1	1	1	1	0.99225	0.90334	0.78382	0.69079	0.59929	0.51562	0.42875	0.35261	0.28389	0.22086	0.16471	0.12	0.094053	0.092053	0.1169	0.17095	0.22633	0.3314	0.41271	0.47884	0.52284	0.54296	0.54277	0.53021	0.51593	0.5917	0.59671	0.62917	0.69613	0.7938	0.91674	1	1	1	1	1	1	1	1	1	1	1	1	1	1	1	1	1	1	1	1	1	1	1
1	1	1	1	1	1	1	1	1	1	1	1	1	1	1	1	1	1	1	1	1	0.88117	0.78974	0.71692	0.61359	0.52015	0.43412	0.35332	0.27737	0.20879	0.15325	0.11876	0.11289	0.13821	0.19631	0.25136	0.36358	0.45185	0.52655	0.58072	0.61229	0.6242	0.62353	0.61982	0.74249	0.73883	0.7688	0.83064	0.92082	1	1	1	1	1	1	1	1	1	1	1	1	1	1	1	1	1	1	1	1	1	1	1	1
1	1	1	1	1	1	1	1	1	1	1	1	1	1	1	1	1	1	1	1	1	1	0.93219	0.81988	0.71499	0.61649	0.52267	0.43244	0.34665	0.26893	0.20574	0.1655	0.15685	0.18161	0.24194	0.34807	0.40886	0.5015	0.58261	0.64526	0.68706	0.71027	0.72189	0.72952	0.89171	0.88834	0.91566	0.97208	1	1	1	1	1	1	1	1	1	1	1	1	1	1	1	1	1	1	1	1	1	1	1	1	1
1	1	1	1	1	1	1	1	1	1	1	1	1	1	1	1	1	1	1	1	1	1	1	0.92339	0.81826	0.71664	0.61757	0.52097	0.42873	0.34534	0.27776	0.23447	0.22379	0.25204	0.3219	0.43419	0.46856	0.56286	0.64785	0.71672	0.76694	0.80007	0.82118	0.83726	1	1	1	1	1	1	1	1	1	1	1	1	1	1	1	1	1	1	1	1	1	1	1	1	1	1	1	1	1
1	1	1	1	1	1	1	1	1	1	1	1	1	1	1	1	1	1	1	1	1	1	1	1	0.9222	0.81965	0.7181	0.61835	0.52312	0.43746	0.36856	0.32465	0.31352	0.34075	0.4105	0.51557	0.65128	0.63609	0.72216	0.79466	0.85071	0.89118	0.92	1	1	1	1	1	1	1	1	1	1	1	1	1	1	1	1	1	1	1	1	1	1	1	1	1	1	1	1	1	1
1	1	1	1	1	1	1	1	1	1	1	1	1	1	1	1	1	1	1	1	1	1	1	1	1	0.92455	0.82332	0.72357	0.6286	0.5438	0.47625	0.43375	0.42335	0.45028	0.51544	0.61518	0.74398	0.89493	0.80406	0.87755	0.93687	0.98225	1	1	1	1	1	1	1	1	1	1	1	1	1	1	1	1	1	1	1	1	1	1	1	1	1	1	1	1	1	1	1
1	1	1	1	1	1	1	1	1	1	1	1	1	1	1	1	1	1	1	1	1	1	1	1	1	1	0.93195	0.83505	0.74323	0.66192	0.5979	0.55831	0.54995	0.57516	0.63629	0.72986	0.85065	0.99215	1	0.96363	1	1	1	1	1	1	1	1	1	1	1	1	1	1	1	1	1	1	1	1	1	1	1	1	1	1	1	1	1	1	1	1	1
1	1	1	1	1	1	1	1	1	1	1	1	1	1	1	1	1	1	1	1	1	1	1	1	1	1	1	0.95069	0.86436	0.78859	0.72969	0.70066	0.68934	0.7127	0.76937	0.8561	0.96802	1	1	1	1	1	1	1	1	1	1	1	1	1	1	1	1	1	1	1	1	1	1	1	1	1	1	1	1	1	1	1	1	1	1	1	1
1	1	1	1	1	1	1	1	1	1	1	1	1	1	1	1	1	1	1	1	1	1	1	1	1	1	1	1	0.98882	0.95978	0.88948	0.84792	0.83752	0.85889	0.91078	0.99019	1	1	1	1	1	1	1	1	1	1	1	1	1	1	1	1	1	1	1	1	1	1	1	1	1	1	1	1	1	1	1	1	1	1	1	1	1
1	1	1	1	1	1	1	1	1	1	1	1	1	1	1	1	1	1	1	1	1	1	1	1	1	1	1	1	1	1	1	0.9998	0.99036	1	1	1	1	1	1	1	1	1	1	1	1	1	1	1	1	1	1	1	1	1	1	1	1	1	1	1	1	1	1	1	1	1	1	1	1	1	1	1	1
1	1	1	1	1	1	1	1	1	1	1	1	1	1	1	1	1	1	1	1	1	1	1	1	1	1	1	1	1	1	1	1	1	1	1	1	1	1	1	1	1	1	1	1	1	1	1	1	1	1	1	1	1	1	1	1	1	1	1	1	1	1	1	1	1	1	1	1	1	1	1	1	1
1	1	1	1	1	1	1	1	1	1	1	1	1	1	1	1	1	1	1	1	1	1	1	1	1	1	1	1	1	1	1	1	1	1	1	1	1	1	1	1	1	1	1	1	1	1	1	1	1	1	1	1	1	1	1	1	1	1	1	1	1	1	1	1	1	1	1	1	1	1	1	1	1
1	1	1	1	1	1	1	1	1	1	1	1	1	1	1	1	1	1	1	1	1	1	1	1	1	1	1	1	1	1	1	1	1	1	1	1	1	1	1	1	1	1	1	1	1	1	1	1	1	1	1	1	1	1	1	1	1	1	1	1	1	1	1	1	1	1	1	1	1	1	1	1	1
1	1	1	1	1	1	1	1	1	1	1	1	1	1	1	1	1	1	1	1	1	1	1	1	1	1	1	1	1	1	1	1	1	1	1	1	1	1	1	1	1	1	1	1	1	1	1	1	1	1	1	1	1	1	1	1	1	1	1	1	1	1	1	1	1	1	1	1	1	1	1	1	1
1	1	1	1	1	1	1	1	1	1	1	1	1	1	1	1	1	1	1	1	1	1	1	1	1	1	1	1	1	1	1	1	1	1	1	1	1	1	1	1	1	1	1	1	1	1	1	1	1	1	1	1	1	1	1	1	1	1	1	1	1	1	1	1	1	1	1	1	1	1	1	1	1
1	1	1	1	1	1	1	1	1	1	1	1	1	1	1	1	1	1	1	1	1	1	1	1	1	1	1	1	1	1	1	1	1	1	1	1	1	1	1	1	1	1	1	1	1	1	1	1	1	1	1	1	1	1	1	1	1	1	1	1	1	1	1	1	1	1	1	1	1	1	1	1	1
1	1	1	1	1	1	1	1	1	1	1	1	1	1	1	1	1	1	1	1	1	1	1	1	1	1	1	1	1	1	1	1	1	1	1	1	1	1	1	1	1	1	1	1	1	1	1	1	1	1	1	1	1	1	1	1	1	1	1	1	1	1	1	1	1	1	1	1	1	1	1	1	1
1	1	1	1	1	1	1	1	1	1	1	1	1	1	1	1	1	1	1	1	1	1	1	1	1	1	1	1	1	1	1	1	1	1	1	1	1	1	1	1	1	1	1	1	1	1	1	1	1	1	1	1	1	1	1	1	1	1	1	1	1	1	1	1	1	1	1	1	1	1	1	1	1
1	1	1	1	1	1	1	1	1	1	1	1	1	1	1	1	1	1	1	1	1	1	1	1	1	1	1	1	1	1	1	1	1	1	1	1	1	1	1	1	1	1	1	1	1	1	1	1	1	1	1	1	1	1	1	1	1	1	1	1	1	1	1	1	1	1	1	1	1	1	1	1	1
1	1	1	1	1	1	1	1	1	1	1	1	1	1	1	1	1	1	1	1	1	1	1	1	1	1	1	1	1	1	1	1	1	1	1	1	1	1	1	1	1	1	1	1	1	1	1	1	1	1	1	1	1	1	1	1	1	1	1	1	1	1	1	1	1	1	1	1	1	1	1	1	1
1	1	1	1	1	1	1	1	1	1	1	1	1	1	1	1	1	1	1	1	1	1	1	1	1	1	1	1	1	1	1	1	1	1	1	1	1	1	1	1	1	1	1	1	1	1	1	1	1	1	1	1	1	1	1	1	1	1	1	1	1	1	1	1	1	1	1	1	1	1	1	1	1
1	1	1	1	1	1	1	1	1	1	1	1	1	1	1	1	1	1	1	1	1	1	1	1	1	1	1	1	1	1	1	1	1	1	1	1	1	1	1	1	1	1	1	1	1	1	1	1	1	1	1	1	1	1	1	1	1	1	1	1	1	1	1	1	1	1	1	1	1	1	1	1	1
