-1	1	1	1	1	1	1	1	1	1	1	1	1	1	1	1	1	1	1	1	1	1	1	1	1	1	1	1	1	1	1	1	1	1	1	1	1	1	1	1	1	1	1	1	1	1	1	1	1	1	1	1	1	1	1	1	1	1	1	1	1	1	1	1	1	1	1	1	1	1	1	1	1
1	1	1	1	1	1	1	1	1	1	1	1	1	1	1	1	1	1	1	1	1	1	1	1	1	1	1	1	1	1	1	1	1	1	1	1	1	1	1	1	1	1	1	1	1	1	1	1	1	1	1	1	1	1	1	1	1	1	1	1	1	1	1	1	1	1	1	1	1	1	1	1	1
1	1	1	1	1	1	1	1	1	1	1	1	1	1	1	1	1	1	1	1	1	1	1	1	1	1	1	1	1	1	1	1	1	1	1	1	1	1	1	1	1	1	1	1	1	1	1	1	1	1	1	1	1	1	1	1	1	1	1	1	1	1	1	1	1	1	1	1	1	1	1	1	1
1	1	1	1	1	1	1	1	1	1	1	1	1	1	1	1	1	1	1	1	1	1	1	1	1	1	1	1	1	1	1	1	1	1	1	1	1	1	1	1	1	1	1	1	1	1	1	1	1	1	1	1	1	1	1	1	1	1	1	1	1	1	1	1	1	1	1	1	1	1	1	1	1
1	1	1	1	1	1	1	1	1	1	1	1	1	1	1	1	1	1	1	1	1	1	1	1	1	1	1	1	1	1	1	1	1	1	1	1	1	1	1	1	1	1	1	1	1	1	1	1	1	1	1	1	1	1	1	1	1	1	1	1	1	1	1	1	1	1	1	1	1	1	1	1	1
1	1	1	1	1	1	1	1	1	1	1	1	1	1	1	1	1	1	1	1	1	1	1	1	1	1	1	1	1	1	1	1	1	1	1	1	1	1	1	1	1	1	1	1	1	1	1	1	1	1	1	1	1	1	1	1	1	1	1	1	1	1	1	1	1	1	1	1	1	1	1	1	1
1	1	1	1	1	1	1	1	1	1	1	1	1	1	1	1	1	1	1	1	1	1	1	1	1	1	1	1	1	1	1	1	1	1	1	1	1	1	1	1	1	1	1	1	1	1	1	1	1	1	1	1	1	1	1	1	1	1	1	1	1	1	1	1	1	1	1	1	1	1	1	1	1
1	1	1	1	1	1	1	1	1	1	1	1	1	1	1	1	1	1	1	1	1	1	1	1	1	1	1	1	1	1	1	1	1	1	1	1	1	1	1	1	1	1	1	1	1	1	1	1	1	1	1	1	1	1	1	1	1	1	1	1	1	1	1	1	1	1	1	1	1	1	1	1	1
1	1	1	1	1	1	1	1	1	1	1	1	1	1	1	1	1	1	1	1	1	1	1	1	1	1	1	1	1	1	1	1	1	1	1	1	1	1	1	1	1	1	1	1	1	1	1	1	1	1	1	1	1	1	1	1	1	1	1	1	1	1	1	1	1	1	1	1	1	1	1	1	1
1	1	1	1	1	1	1	1	1	1	1	1	1	1	1	1	1	1	1	1	1	1	1	1	1	1	1	1	1	1	1	1	1	1	1	1	1	1	1	1	1	1	1	1	1	1	1	1	1	1	1	1	1	1	1	1	1	1	1	1	1	1	1	1	1	1	1	1	1	1	1	1	1
1	1	1	1	1	1	1	1	1	1	1	1	1	1	1	1	1	1	1	1	1	1	1	1	1	1	1	1	1	1	1	1	1	1	1	1	1	1	1	1	1	1	1	1	1	1	1	1	1	1	1	1	1	1	1	1	1	1	1	1	1	1	1	1	1	1	1	1	1	1	1	1	1
1	1	1	1	1	1	1	1	1	1	1	1	1	1	1	1	1	1	1	1	1	1	1	1	1	1	1	1	1	1	0.97963	0.94283	0.93439	0.95481	0.95735	1	1	1	1	1	1	1	1	1	1	1	1	1	1	1	1	1	1	1	1	1	1	1	1	1	1	1	1	1	1	1	1	1	1	1	1	1	1
1	1	1	1	1	1	1	1	1	1	1	1	1	1	1	1	1	1	1	1	1	1	1	1	1	1	1	1	0.99569	0.90114	0.83157	0.79097	0.78168	0.78593	0.82028	0.87069	0.93126	0.99709	1	1	1	1	1	1	1	1	1	1	1	1	1	1	1	1	1	1	1	1	1	1	1	1	1	1	1	1	1	1	1	1	1	1	1
1	1	1	1	1	1	1	1	1	1	1	1	1	1	1	1	1	1	1	1	1	1	1	1	1	1	1	0.99206	0.86722	0.76403	0.68815	0.6439	0.63004	0.64565	0.68476	0.74048	0.80609	0.87621	0.94759	1	1	1	1	1	1	1	1	1	1	1	1	1	1	1	1	1	1	1	1	1	1	1	1	1	1	1	1	1	1	1	1	1	1
1	1	1	1	1	1	1	1	1	1	1	1	1	1	1	1	1	1	1	1	1	1	1	1	1	1	1	0.88104	0.74637	0.63512	0.55337	0.5057	0.49319	0.51184	0.55507	0.615	0.68408	0.75663	0.8296	0.90252	0.97678	1	1	1	1	1	1	1	1	1	1	1	1	1	1	1	1	1	1	1	1	1	1	1	1	1	1	1	1	1	1	1	1
1	1	1	1	1	1	1	1	1	1	1	1	1	1	1	1	1	1	1	1	1	1	1	1	1	1	0.94132	0.78025	0.63671	0.51821	0.43116	0.37966	0.36801	0.38915	0.43542	0.49789	0.56838	0.64105	0.71323	0.78526	0.85957	0.93915	1	1	1	1	1	1	1	1	1	1	1	1	1	1	1	1	1	1	1	1	1	1	1	1	1	1	1	1	1	1	1
1	1	1	1	1	1	1	1	1	1	1	1	1	1	1	1	1	1	1	1	1	1	1	1	1	0.92725	0.78869	0.65155	0.52288	0.41688	0.32039	0.27012	0.2591	0.28181	0.32953	0.39241	0.46179	0.5319	0.60066	0.66945	0.74182	0.82181	0.91231	1	1	1	1	1	1	1	1	1	1	1	1	1	1	1	1	1	1	1	1	1	1	1	1	1	1	1	1	1	1
1	1	1	1	1	1	1	1	1	1	1	1	1	1	1	1	1	1	1	1	1	1	1	1	0.99299	0.85461	0.71281	0.57276	0.44133	0.32679	0.22959	0.18125	0.17034	0.19329	0.24042	0.30117	0.36661	0.43128	0.49394	0.55713	0.62565	0.70463	0.76796	0.84722	0.95106	1	1	1	1	1	1	1	1	1	1	1	1	1	1	1	1	1	1	1	1	1	1	1	1	1	1	1	1
1	1	1	1	1	1	1	1	1	1	1	1	1	1	1	1	1	1	1	1	1	1	1	1	0.92668	0.78717	0.64528	0.50576	0.37505	0.24372	0.16283	0.11597	0.10345	0.12606	0.17023	0.22605	0.28459	0.34095	0.39493	0.45037	0.51337	0.58098	0.65764	0.73933	0.83569	0.9216	1	1	1	1	1	1	1	1	1	1	1	1	1	1	1	1	1	1	1	1	1	1	1	1	1	1	1
1	1	1	1	1	1	1	1	1	1	1	1	1	1	1	1	1	1	1	1	1	1	1	0.99665	0.86231	0.7243	0.58549	0.45007	0.32379	0.19478	0.11879	0.075244	0.063219	0.077959	0.12013	0.16814	0.21691	0.26232	0.30539	0.3513	0.40705	0.47335	0.54909	0.63227	0.72351	0.81228	0.90042	0.98696	1	1	1	1	1	1	1	1	1	1	1	1	1	1	1	1	1	1	1	1	1	1	1	1	1
1	1	1	1	1	1	1	1	1	1	1	1	1	1	1	1	1	1	1	1	1	1	1	0.93195	0.79882	0.66462	0.53186	0.40397	0.28583	0.16432	0.096136	0.057911	0.047008	0.058524	0.084785	0.12787	0.16429	0.19657	0.227	0.26003	0.31048	0.37279	0.44619	0.52881	0.61688	0.70585	0.79368	0.88023	0.96693	1	1	1	1	1	1	1	1	1	1	1	1	1	1	1	1	1	1	1	1	1	1	1	1
1	1	1	1	1	1	1	1	1	1	1	1	1	1	1	1	1	1	1	1	1	1	0.99641	0.86555	0.73483	0.60631	0.48208	0.36479	0.25824	0.14928	0.091731	0.060424	0.052026	0.060268	0.078156	0.098887	0.12714	0.14471	0.1515	0.18275	0.2256	0.28245	0.35177	0.43158	0.51768	0.60387	0.68857	0.77267	0.85864	0.94909	1	1	1	1	1	1	1	1	1	1	1	1	1	1	1	1	1	1	1	1	1	1	1
1	1	1	1	1	1	1	1	1	1	1	1	1	1	1	1	1	1	1	1	1	1	0.92825	0.79675	0.66908	0.54745	0.43361	0.32938	0.21362	0.14546	0.10107	0.078913	0.074038	0.07952	0.089033	0.098298	0.10272	0.10279	0.10049	0.12103	0.15525	0.20474	0.2685	0.34305	0.4273	0.50754	0.58624	0.66549	0.74888	0.82615	0.90838	1	1	1	1	1	1	1	1	1	1	1	1	1	1	1	1	1	1	1	1	1	1
1	1	1	1	1	1	1	1	1	1	1	1	1	1	1	1	1	1	1	1	1	0.9943	0.85773	0.72533	0.60077	0.48656	0.38417	0.29468	0.19873	0.14813	0.11901	0.1079	0.108	0.11181	0.11384	0.10952	0.099732	0.085419	0.067623	0.077051	0.10179	0.14275	0.19864	0.26532	0.34669	0.41784	0.48781	0.56001	0.63739	0.71868	0.80329	0.93611	1	1	1	1	1	1	1	1	1	1	1	1	1	1	1	1	1	1	1	1	1
1	1	1	1	1	1	1	1	1	1	1	1	1	1	1	1	1	1	1	1	1	0.92723	0.78579	0.65186	0.52995	0.42297	0.33232	0.25839	0.19082	0.15288	0.14052	0.14211	0.14878	0.15251	0.14878	0.13075	0.10856	0.082112	0.054106	0.052335	0.066731	0.097979	0.14389	0.21517	0.27641	0.33563	0.39451	0.45706	0.53067	0.61075	0.69645	0.81376	0.9022	0.99306	1	1	1	1	1	1	1	1	1	1	1	1	1	1	1	1	1	1	1
1	1	1	1	1	1	1	1	1	1	1	1	1	1	1	1	1	1	1	1	1	0.86116	0.71417	0.57789	0.45775	0.35724	0.27784	0.20423	0.17343	0.16032	0.16166	0.17468	0.18885	0.19749	0.18184	0.15702	0.12527	0.090024	0.059962	0.04768	0.051249	0.071437	0.10544	0.16982	0.21691	0.26186	0.29984	0.35954	0.42781	0.50521	0.59044	0.69539	0.78714	0.881	0.97553	1	1	1	1	1	1	1	1	1	1	1	1	1	1	1	1	1	1
1	1	1	1	1	1	1	1	1	1	1	1	1	1	1	1	1	1	1	1	1	0.85965	0.64545	0.50597	0.38651	0.29129	0.20351	0.16679	0.15405	0.15892	0.1755	0.2	0.22929	0.24357	0.2149	0.18323	0.14553	0.10567	0.072442	0.062977	0.055427	0.06346	0.083909	0.13782	0.16863	0.17914	0.2202	0.27042	0.33195	0.40509	0.48803	0.58359	0.67598	0.77028	0.86582	0.96339	1	1	1	1	1	1	1	1	1	1	1	1	1	1	1	1	1
1	1	1	1	1	1	1	1	1	1	1	1	1	1	1	1	1	1	1	1	0.96171	0.7819	0.58286	0.43954	0.3197	0.20895	0.15345	0.1302	0.13269	0.1526	0.18212	0.21593	0.25231	0.27218	0.24006	0.20468	0.16513	0.12533	0.092394	0.078731	0.079147	0.088904	0.10192	0.11418	0.10534	0.12504	0.15306	0.19275	0.24623	0.31341	0.39201	0.48051	0.57051	0.66246	0.75663	0.85471	0.95844	1	1	1	1	1	1	1	1	1	1	1	1	1	1	1	1
1	1	1	1	1	1	1	1	1	1	1	1	1	1	1	1	1	1	1	0.94029	0.79694	0.65145	0.51009	0.37386	0.26057	0.15789	0.10994	0.096822	0.11067	0.14158	0.1802	0.22005	0.25883	0.28063	0.25057	0.21392	0.1766	0.14205	0.11761	0.11129	0.11162	0.11486	0.11578	0.11202	0.082229	0.086463	0.101	0.12941	0.17358	0.23304	0.30507	0.38778	0.47221	0.55895	0.64939	0.74622	0.80785	0.88927	1	1	1	1	1	1	1	1	1	1	1	1	1	1	1
1	1	1	1	1	1	1	1	1	1	1	1	1	1	1	1	1	1	1	0.88053	0.73651	0.59115	0.45035	0.32092	0.21186	0.11999	0.076697	0.06979	0.090403	0.12859	0.17124	0.21153	0.24769	0.28517	0.24528	0.21214	0.18197	0.15743	0.14615	0.1472	0.15066	0.14895	0.13944	0.12133	0.098828	0.065174	0.066234	0.082831	0.11655	0.16649	0.22964	0.30656	0.38231	0.46115	0.54572	0.62223	0.70473	0.78735	0.86847	0.97636	1	1	1	1	1	1	1	1	1	1	1	1	1
1	1	1	1	1	1	1	1	1	1	1	1	1	1	1	1	1	1	0.96216	0.82422	0.68241	0.54053	0.40391	0.2794	0.17492	0.09889	0.057476	0.052747	0.074983	0.11226	0.15351	0.19082	0.22244	0.24224	0.22959	0.1989	0.17911	0.16826	0.17361	0.18458	0.19231	0.18787	0.17053	0.13884	0.10363	0.062425	0.050376	0.054871	0.077106	0.1158	0.16784	0.23763	0.30189	0.37053	0.44424	0.52158	0.60206	0.6843	0.76627	0.86231	0.94195	1	1	1	1	1	1	1	1	1	1	1	1
1	1	1	1	1	1	1	1	1	1	1	1	1	1	1	1	1	1	0.90542	0.76996	0.63295	0.49772	0.3688	0.2522	0.14125	0.080927	0.051223	0.048209	0.066954	0.099329	0.13433	0.16453	0.18855	0.19782	0.19102	0.17778	0.16869	0.17628	0.19731	0.21934	0.2337	0.22916	0.20184	0.16103	0.11702	0.078801	0.054305	0.046615	0.056496	0.082376	0.13447	0.18152	0.23205	0.28863	0.35419	0.42572	0.50245	0.58254	0.66351	0.75005	0.8299	0.91011	0.9924	1	1	1	1	1	1	1	1	1	1
1	1	1	1	1	1	1	1	1	1	1	1	1	1	1	1	1	0.97787	0.84735	0.71588	0.5858	0.45991	0.34189	0.21653	0.13831	0.086942	0.062184	0.058679	0.070506	0.093431	0.11787	0.13732	0.15177	0.15358	0.14971	0.14646	0.15254	0.17957	0.2163	0.25022	0.27326	0.27142	0.23029	0.18398	0.13573	0.11411	0.078068	0.058319	0.054799	0.067163	0.10775	0.13875	0.16983	0.21757	0.27342	0.3375	0.40867	0.48464	0.56253	0.64154	0.71908	0.79781	0.88038	0.96929	1	1	1	1	1	1	1	1	1
1	1	1	1	1	1	1	1	1	1	1	1	1	1	1	1	1	0.91591	0.78665	0.66003	0.53835	0.42389	0.31939	0.21058	0.14672	0.10657	0.08861	0.085145	0.091013	0.097978	0.10848	0.11432	0.11573	0.11261	0.11012	0.11484	0.13725	0.1762	0.22271	0.27311	0.30876	0.29648	0.25149	0.20388	0.15705	0.11492	0.090707	0.075081	0.068157	0.085035	0.094095	0.10994	0.12519	0.15978	0.20465	0.25975	0.32354	0.39327	0.4658	0.53854	0.61117	0.68625	0.76746	0.85802	0.95933	1	1	1	1	1	1	1	1
1	1	1	1	1	1	1	1	1	1	1	1	1	1	1	1	0.98211	0.85053	0.72236	0.60081	0.48825	0.38652	0.29743	0.20846	0.16106	0.13412	0.12494	0.12286	0.12373	0.12156	0.11342	0.099808	0.08887	0.079109	0.076422	0.087705	0.12035	0.16662	0.21601	0.26604	0.31508	0.29786	0.25842	0.21713	0.17658	0.14322	0.1247	0.11487	0.10905	0.10536	0.099328	0.086795	0.096271	0.11747	0.1504	0.19513	0.24973	0.31107	0.37794	0.44267	0.50789	0.5773	0.65566	0.74687	0.85252	1	1	1	1	1	1	1	1
1	1	1	1	1	1	1	1	1	1	1	1	1	1	1	1	0.91675	0.78205	0.65431	0.5374	0.43393	0.34539	0.27275	0.20569	0.17618	0.16402	0.16332	0.16667	0.16441	0.15358	0.13131	0.10401	0.06406	0.054189	0.06037	0.068487	0.104	0.1516	0.20237	0.2512	0.29748	0.28425	0.25553	0.22186	0.1916	0.17123	0.16157	0.15458	0.14552	0.13297	0.11484	0.088358	0.085147	0.092362	0.11279	0.14598	0.18967	0.2405	0.30131	0.35544	0.41104	0.4731	0.54739	0.63844	0.74792	0.91106	1	1	1	1	1	1	1
1	1	1	1	1	1	1	1	1	1	1	1	1	1	1	1	0.85034	0.7116	0.58332	0.47013	0.37502	0.29935	0.22961	0.20026	0.18791	0.1916	0.2023	0.212	0.20908	0.18912	0.1559	0.11755	0.079831	0.053149	0.046873	0.057799	0.090922	0.13512	0.1815	0.22519	0.25012	0.25105	0.23708	0.21673	0.19944	0.19659	0.1973	0.19522	0.18385	0.16403	0.13697	0.10111	0.087901	0.084847	0.093412	0.11352	0.14536	0.18376	0.23703	0.27836	0.32263	0.37608	0.44547	0.53577	0.64862	0.80376	0.95588	1	1	1	1	1	1
1	1	1	1	1	1	1	1	1	1	1	1	1	1	1	1	0.78755	0.64132	0.51136	0.40064	0.31267	0.23075	0.19796	0.18752	0.19403	0.21376	0.23707	0.25551	0.25472	0.22358	0.18258	0.1373	0.093961	0.071893	0.053137	0.053392	0.083521	0.11918	0.15655	0.19142	0.208	0.21455	0.20822	0.2023	0.20395	0.2165	0.22888	0.23386	0.21686	0.19401	0.16179	0.12165	0.10193	0.091468	0.091172	0.10058	0.11831	0.14269	0.18602	0.21301	0.24485	0.28902	0.35304	0.44225	0.55809	0.70911	0.86998	1	1	1	1	1	1
1	1	1	1	1	1	1	1	1	1	1	1	1	1	1	0.95404	0.78312	0.57421	0.44154	0.33194	0.22903	0.18137	0.16365	0.16967	0.19195	0.22386	0.26118	0.29306	0.29222	0.25171	0.20679	0.15924	0.11528	0.10932	0.069714	0.071632	0.08427	0.107	0.13142	0.15166	0.16483	0.1722	0.17442	0.18125	0.20114	0.22805	0.25508	0.24952	0.24168	0.2188	0.1855	0.14614	0.12394	0.10954	0.10302	0.10341	0.10908	0.13829	0.14921	0.16108	0.18014	0.21491	0.27355	0.36152	0.47995	0.63009	0.79821	0.98029	1	1	1	1	1
1	1	1	1	1	1	1	1	1	1	1	1	1	1	0.93195	0.79187	0.65129	0.50003	0.37504	0.26808	0.17299	0.13464	0.1288	0.1477	0.18213	0.22387	0.26757	0.31173	0.31213	0.26681	0.22143	0.17642	0.13745	0.11224	0.10006	0.097169	0.098971	0.10177	0.11035	0.11774	0.12341	0.12968	0.13867	0.15889	0.19066	0.22733	0.26598	0.25982	0.25534	0.23519	0.20475	0.17079	0.15035	0.13583	0.12623	0.11997	0.11524	0.13284	0.12679	0.12273	0.13104	0.15687	0.21045	0.29719	0.41775	0.56921	0.74291	0.93109	1	1	1	1	1
1	1	1	1	1	1	1	1	1	1	1	1	1	1	0.86315	0.72143	0.57981	0.44438	0.31653	0.21341	0.1265	0.094433	0.096589	0.12397	0.16778	0.21462	0.26004	0.30239	0.31045	0.26707	0.22639	0.18921	0.16032	0.14499	0.13627	0.12987	0.12206	0.11115	0.097776	0.091045	0.087689	0.10744	0.10556	0.13454	0.17369	0.21601	0.25809	0.25639	0.25633	0.24114	0.21706	0.19234	0.17776	0.16697	0.15535	0.1444	0.15905	0.14201	0.12184	0.10477	0.099964	0.11792	0.16706	0.25262	0.37474	0.52848	0.7059	0.89815	1	1	1	1	1
1	1	1	1	1	1	1	1	1	1	1	1	1	0.93586	0.79831	0.65799	0.51881	0.38626	0.26747	0.1694	0.093946	0.065203	0.071291	0.10213	0.14611	0.19306	0.23655	0.27616	0.27562	0.25239	0.22028	0.1947	0.18111	0.17687	0.17366	0.16569	0.15047	0.12854	0.10039	0.075682	0.058467	0.069513	0.096962	0.11114	0.15268	0.1961	0.23786	0.24008	0.24183	0.23599	0.22105	0.20847	0.20339	0.19566	0.18684	0.17384	0.18645	0.15953	0.1282	0.10128	0.088152	0.099785	0.14508	0.2306	0.35354	0.50925	0.68842	0.8826	1	1	1	1	1
1	1	1	1	1	1	1	1	1	1	1	1	1	0.87176	0.73638	0.60037	0.46703	0.34107	0.20906	0.12576	0.073054	0.05162	0.055201	0.084174	0.12492	0.16716	0.20473	0.2306	0.23345	0.22001	0.20353	0.19221	0.19633	0.2042	0.20758	0.2016	0.18887	0.1494	0.10992	0.074782	0.050838	0.049713	0.065824	0.092155	0.13104	0.17092	0.19725	0.21409	0.21945	0.21719	0.21672	0.21722	0.22034	0.22096	0.2159	0.23674	0.21462	0.18124	0.14303	0.10992	0.092114	0.10048	0.14374	0.22619	0.35715	0.51216	0.69107	0.88495	1	1	1	1	1
1	1	1	1	1	1	1	1	1	1	1	1	0.93853	0.80714	0.67579	0.54658	0.42218	0.30635	0.18493	0.11198	0.066777	0.0487	0.052967	0.075465	0.10818	0.14126	0.16919	0.1851	0.18847	0.18249	0.17792	0.18473	0.20457	0.22521	0.23712	0.23599	0.21717	0.16988	0.12333	0.082369	0.062072	0.049217	0.053626	0.081096	0.11264	0.14467	0.16687	0.18186	0.18967	0.1947	0.20319	0.21936	0.23297	0.23861	0.27093	0.26287	0.23896	0.20291	0.16223	0.12755	0.10933	0.11792	0.16154	0.24404	0.38407	0.53712	0.71375	0.90514	1	1	1	1	1
1	1	1	1	1	1	1	1	1	1	1	1	0.87055	0.74083	0.61478	0.49431	0.38139	0.27874	0.17274	0.11301	0.077528	0.064368	0.067001	0.079929	0.099799	0.11997	0.13516	0.14213	0.14334	0.14243	0.14837	0.17194	0.20774	0.2401	0.26194	0.2687	0.23765	0.18644	0.13753	0.095803	0.069102	0.061322	0.067274	0.081212	0.10138	0.12138	0.137	0.14784	0.15218	0.16816	0.18689	0.21151	0.23285	0.2741	0.28497	0.27859	0.25558	0.22065	0.18204	0.15065	0.13653	0.14911	0.19576	0.28995	0.40838	0.58329	0.75571	0.94248	1	1	1	1	1
1	1	1	1	1	1	1	1	1	1	1	0.93293	0.79989	0.67198	0.55186	0.44132	0.3417	0.25463	0.16801	0.12384	0.10011	0.093633	0.095571	0.10141	0.10573	0.10774	0.10823	0.10522	0.10208	0.10507	0.1195	0.15405	0.19821	0.24451	0.24704	0.27708	0.2499	0.19731	0.14999	0.11232	0.092186	0.087951	0.091459	0.097189	0.10192	0.10558	0.11239	0.11039	0.1241	0.1424	0.16587	0.19561	0.22234	0.27183	0.28551	0.28159	0.26172	0.2314	0.19911	0.175	0.17012	0.19042	0.24282	0.34257	0.4597	0.64915	0.81552	0.99569	1	1	1	1	1
1	1	1	1	1	1	1	1	1	1	1	0.86244	0.72694	0.60046	0.48622	0.38602	0.30068	0.23076	0.16626	0.13936	0.12906	0.12974	0.13379	0.13388	0.12699	0.11244	0.093814	0.078588	0.069619	0.089929	0.094074	0.13438	0.18275	0.23146	0.25552	0.25111	0.22936	0.19809	0.15774	0.1292	0.12126	0.12205	0.1246	0.12361	0.11695	0.10636	0.090057	0.09217	0.10146	0.11856	0.14298	0.17417	0.20327	0.25742	0.27253	0.27125	0.25614	0.23325	0.21096	0.19863	0.20663	0.23802	0.31271	0.40426	0.52079	0.6576	0.89124	1	1	1	1	1	1
1	1	1	1	1	1	1	1	1	1	1	0.79166	0.65292	0.52711	0.41812	0.32793	0.25699	0.19251	0.16382	0.15511	0.15947	0.16955	0.17706	0.17348	0.15775	0.12865	0.096708	0.059199	0.05062	0.058471	0.075	0.11476	0.16152	0.20313	0.22256	0.22271	0.20795	0.18324	0.15969	0.14759	0.15123	0.15865	0.16221	0.15685	0.13965	0.11764	0.096617	0.085673	0.087883	0.10043	0.122	0.15081	0.1788	0.23313	0.2478	0.24868	0.23923	0.22579	0.21628	0.2189	0.2432	0.28843	0.37459	0.47072	0.58765	0.72136	0.98042	1	1	1	1	1	1
1	1	1	1	1	1	1	1	1	1	0.95124	0.72283	0.58006	0.45393	0.34912	0.26799	0.19502	0.16687	0.1595	0.168	0.18767	0.20844	0.22168	0.21701	0.1894	0.15132	0.10976	0.072085	0.051537	0.047878	0.061832	0.10009	0.14043	0.17215	0.18972	0.19156	0.18209	0.16731	0.15669	0.16208	0.17818	0.19381	0.20071	0.1939	0.16911	0.13613	0.10626	0.088532	0.086059	0.091902	0.10706	0.12977	0.15301	0.20263	0.21466	0.21672	0.2131	0.21021	0.21524	0.23489	0.27794	0.3526	0.4363	0.53833	0.65678	0.78824	0.92779	1	1	1	1	1	1
1	1	1	1	1	1	1	1	1	1	0.87043	0.65889	0.51147	0.38403	0.28212	0.19161	0.15183	0.14031	0.15053	0.17553	0.21171	0.24408	0.26527	0.26233	0.22043	0.17603	0.12936	0.087941	0.073612	0.05812	0.059887	0.093654	0.12242	0.14545	0.15741	0.15798	0.15194	0.14597	0.14824	0.17208	0.1999	0.22515	0.23775	0.23276	0.19619	0.15788	0.12363	0.10282	0.093689	0.09442	0.10216	0.11539	0.15583	0.17052	0.17767	0.17961	0.18135	0.18923	0.20948	0.24707	0.32085	0.40051	0.49548	0.60444	0.72548	0.85559	0.99068	1	1	1	1	1	1
1	1	1	1	1	1	1	1	1	0.8717	0.72741	0.5848	0.45096	0.32141	0.22114	0.14091	0.11221	0.11409	0.13841	0.17638	0.22081	0.26768	0.30511	0.28784	0.24493	0.1985	0.15163	0.11011	0.088153	0.082881	0.08902	0.099978	0.11352	0.1242	0.12728	0.1239	0.11924	0.12091	0.13813	0.17368	0.21792	0.252	0.2725	0.25713	0.21798	0.17888	0.14519	0.12427	0.1125	0.1076	0.10806	0.13034	0.13807	0.14191	0.1422	0.1426	0.14878	0.16685	0.20272	0.259	0.35018	0.44466	0.55114	0.66762	0.79198	0.92155	1	1	1	1	1	1	1
1	1	1	1	1	1	1	1	0.95113	0.80879	0.66307	0.51947	0.38303	0.26507	0.1707	0.10023	0.079265	0.090464	0.12435	0.17076	0.22137	0.27142	0.32103	0.30023	0.25573	0.21111	0.16912	0.13631	0.12248	0.11968	0.12105	0.12133	0.11474	0.11039	0.10212	0.092658	0.087992	0.095187	0.12388	0.16723	0.21723	0.2692	0.29151	0.26856	0.23091	0.19561	0.16748	0.15085	0.13965	0.13173	0.14557	0.14068	0.12947	0.12122	0.11111	0.11146	0.12093	0.14817	0.19718	0.26926	0.37778	0.48606	0.60357	0.72752	0.85551	0.98505	1	1	1	1	1	1	1
1	1	1	1	1	1	1	1	0.89337	0.75165	0.60775	0.4667	0.33514	0.22113	0.13287	0.073338	0.056423	0.072277	0.11107	0.16034	0.21151	0.25951	0.29327	0.28406	0.25337	0.21569	0.18368	0.16428	0.16153	0.16224	0.16039	0.15162	0.13345	0.10962	0.085539	0.068619	0.062589	0.07461	0.10771	0.15458	0.20697	0.2603	0.26235	0.25388	0.22589	0.2055	0.18755	0.17849	0.17156	0.18248	0.17576	0.1607	0.13696	0.11376	0.097747	0.091283	0.10325	0.1377	0.19801	0.29784	0.4065	0.5268	0.65407	0.78479	0.91617	1	1	1	1	1	1	1	1
1	1	1	1	1	1	1	0.97254	0.83754	0.69899	0.56004	0.42508	0.3	0.17746	0.1023	0.059493	0.046905	0.062361	0.098953	0.14519	0.1919	0.23426	0.25459	0.25155	0.23329	0.21015	0.19178	0.19076	0.19989	0.20588	0.20294	0.18748	0.15591	0.11946	0.083172	0.053232	0.051145	0.059344	0.091148	0.13525	0.18337	0.21577	0.23022	0.22929	0.2184	0.20701	0.20299	0.21193	0.21893	0.21924	0.20855	0.18345	0.15286	0.12056	0.094791	0.08712	0.10034	0.14066	0.20991	0.32071	0.43966	0.56949	0.70459	0.8407	0.97464	1	1	1	1	1	1	1	1
1	1	1	1	1	1	1	0.91451	0.78204	0.64882	0.51759	0.39198	0.27692	0.1652	0.099038	0.061968	0.051317	0.063304	0.09306	0.13104	0.16853	0.20141	0.21349	0.21506	0.20429	0.19468	0.19449	0.21157	0.22987	0.24713	0.24558	0.22099	0.18015	0.13493	0.091019	0.061878	0.047536	0.05264	0.078376	0.11502	0.15477	0.17927	0.19449	0.19914	0.19856	0.20053	0.2162	0.23497	0.24885	0.25132	0.23885	0.20972	0.17347	0.13516	0.10539	0.094069	0.11065	0.15625	0.23299	0.35453	0.48048	0.61685	0.75725	0.8968	1	1	1	1	1	1	1	1	1
1	1	1	1	1	1	0.98334	0.85405	0.72508	0.59876	0.47743	0.36392	0.26205	0.1655	0.1109	0.080745	0.072226	0.079179	0.096102	0.12126	0.14544	0.16292	0.17128	0.17287	0.16988	0.17107	0.19175	0.22249	0.25965	0.27925	0.28327	0.24831	0.20194	0.15249	0.10585	0.089065	0.056623	0.057851	0.072651	0.097679	0.12295	0.14313	0.15618	0.16432	0.17287	0.1889	0.21943	0.2485	0.26891	0.27436	0.26216	0.23257	0.19458	0.15493	0.12468	0.1139	0.13258	0.18404	0.2801	0.40204	0.53151	0.67112	0.81392	0.95454	1	1	1	1	1	1	1	1	1
1	1	1	1	1	1	0.91942	0.79021	0.66508	0.54651	0.43653	0.33717	0.25105	0.17318	0.13235	0.11126	0.10585	0.10845	0.11463	0.11916	0.12694	0.13082	0.13073	0.13023	0.13305	0.14833	0.18126	0.2223	0.2668	0.3138	0.30166	0.26556	0.21602	0.16816	0.12441	0.09406	0.079846	0.076676	0.079727	0.087046	0.099442	0.10959	0.1179	0.12755	0.14387	0.16976	0.21233	0.25632	0.27664	0.28528	0.27434	0.2481	0.21218	0.17555	0.14935	0.14298	0.16552	0.22318	0.32558	0.44054	0.5943	0.73377	0.8759	1	1	1	1	1	1	1	1	1	1
1	1	1	1	1	0.98617	0.85232	0.72265	0.60106	0.49037	0.39237	0.30838	0.22744	0.18302	0.15765	0.14726	0.14667	0.14615	0.14273	0.13344	0.11895	0.1061	0.095803	0.091595	0.098232	0.12361	0.16417	0.2128	0.25919	0.30328	0.31301	0.2624	0.22058	0.1793	0.14263	0.12236	0.11151	0.10506	0.098661	0.090582	0.083996	0.081995	0.08365	0.093131	0.11528	0.1523	0.19866	0.24681	0.29323	0.32708	0.27584	0.25342	0.22289	0.19324	0.17538	0.17732	0.20695	0.28273	0.37901	0.50233	0.64802	0.89162	1	1	1	1	1	1	1	1	1	1	1
1	1	1	1	1	0.92138	0.78291	0.6519	0.53307	0.42967	0.3435	0.27522	0.21537	0.19053	0.18173	0.18343	0.18958	0.18778	0.17685	0.15437	0.12453	0.093847	0.061989	0.066146	0.08823	0.10059	0.14338	0.1905	0.23574	0.27586	0.2749	0.25289	0.21526	0.18475	0.16242	0.15316	0.14695	0.13896	0.12504	0.10481	0.081939	0.055719	0.059184	0.078731	0.088612	0.13097	0.1793	0.22741	0.27164	0.28966	0.27918	0.24697	0.22438	0.20498	0.19916	0.21282	0.25247	0.33719	0.43549	0.55751	0.69796	0.96823	1	1	1	1	1	1	1	1	1	1	1
1	1	1	1	1	0.96139	0.71299	0.57958	0.46234	0.36516	0.28993	0.22246	0.19824	0.19262	0.20092	0.21575	0.22852	0.22979	0.21529	0.17817	0.13648	0.09464	0.05763	0.048643	0.058539	0.080726	0.12033	0.16317	0.20325	0.22945	0.23268	0.22089	0.20146	0.18173	0.17961	0.1824	0.18241	0.17508	0.15636	0.12709	0.091828	0.057278	0.047041	0.054121	0.078248	0.11219	0.15759	0.2013	0.23881	0.24971	0.2453	0.23134	0.21618	0.2089	0.21798	0.24603	0.31281	0.392	0.49384	0.6158	0.75324	0.90107	1	1	1	1	1	1	1	1	1	1	1
1	1	1	1	1	0.86873	0.64521	0.5084	0.39148	0.29907	0.21526	0.18337	0.17661	0.1885	0.21272	0.24195	0.26399	0.26996	0.24576	0.20058	0.15144	0.10329	0.072634	0.051016	0.04845	0.069305	0.10089	0.13495	0.16647	0.18345	0.18852	0.18474	0.1781	0.17825	0.19227	0.20784	0.2155	0.21126	0.19099	0.15332	0.10897	0.071491	0.054272	0.049094	0.061161	0.09968	0.13748	0.17262	0.198	0.20773	0.20667	0.20071	0.19764	0.20543	0.23047	0.28691	0.35541	0.44357	0.55052	0.67386	0.80948	0.95319	1	1	1	1	1	1	1	1	1	1	1
1	1	1	1	0.96818	0.78918	0.62341	0.442	0.32422	0.21548	0.16299	0.14369	0.15131	0.17749	0.21409	0.25516	0.29426	0.31351	0.26704	0.21775	0.16606	0.11591	0.078577	0.061055	0.059751	0.069712	0.088851	0.11036	0.12878	0.13974	0.14435	0.14651	0.15167	0.17067	0.20066	0.2289	0.24543	0.2467	0.22731	0.17817	0.13026	0.090196	0.081316	0.064698	0.064182	0.076749	0.12304	0.146	0.16037	0.16555	0.16507	0.16505	0.17269	0.19473	0.24541	0.30978	0.39149	0.48975	0.60318	0.72932	0.86439	1	1	1	1	1	1	1	1	1	1	1	1
1	1	1	1	0.91143	0.72535	0.5531	0.38465	0.26516	0.16246	0.11666	0.10652	0.1245	0.16075	0.20568	0.25228	0.2987	0.32871	0.27293	0.22315	0.17397	0.1299	0.099095	0.086704	0.083865	0.086118	0.089187	0.093727	0.098805	0.10137	0.10355	0.10978	0.12646	0.15915	0.19956	0.24332	0.27252	0.28188	0.24806	0.19683	0.1513	0.11439	0.094538	0.093097	0.09955	0.10926	0.11801	0.12603	0.12847	0.12626	0.12383	0.1276	0.14426	0.17927	0.24688	0.32605	0.42104	0.52999	0.65085	0.78092	0.91659	1	1	1	1	1	1	1	1	1	1	1	1
1	1	1	1	0.87055	0.67938	0.50248	0.34863	0.20534	0.12247	0.080523	0.076409	0.10035	0.14158	0.18941	0.23608	0.27829	0.28984	0.26403	0.21835	0.17695	0.14054	0.12554	0.11959	0.11718	0.11309	0.10467	0.091893	0.079649	0.072316	0.070607	0.079485	0.10481	0.1443	0.18973	0.23598	0.28183	0.27276	0.25254	0.2092	0.17023	0.14121	0.13239	0.13302	0.13554	0.13556	0.12938	0.11829	0.10552	0.093827	0.08741	0.092981	0.11676	0.16303	0.24536	0.33804	0.44563	0.56519	0.69386	0.82853	0.96561	1	1	1	1	1	1	1	1	1	1	1	1
1	1	1	1	0.84694	0.65285	0.47326	0.31711	0.18194	0.099516	0.058795	0.055286	0.079659	0.1202	0.16578	0.2086	0.24364	0.24779	0.23078	0.20291	0.17317	0.15441	0.15299	0.15522	0.15534	0.14704	0.12953	0.10393	0.077221	0.052535	0.052584	0.069438	0.087337	0.12839	0.17425	0.21963	0.24967	0.24805	0.23323	0.21189	0.18381	0.17082	0.17209	0.17677	0.17864	0.17098	0.1501	0.12481	0.096412	0.072671	0.060872	0.06657	0.095538	0.15098	0.24504	0.34932	0.46813	0.59746	0.73361	0.87295	1	1	1	1	1	1	1	1	1	1	1	1	1
1	1	1	1	0.84145	0.64667	0.46646	0.30977	0.18092	0.096963	0.054566	0.048247	0.068404	0.10321	0.1417	0.17646	0.19933	0.20397	0.19371	0.17701	0.16299	0.16494	0.17782	0.18966	0.19492	0.18512	0.16098	0.12356	0.086978	0.059656	0.047448	0.052268	0.076474	0.11364	0.15471	0.19471	0.21471	0.21896	0.21303	0.20107	0.19068	0.19702	0.21015	0.22131	0.22496	0.2059	0.17584	0.13947	0.10042	0.066788	0.049304	0.05379	0.086109	0.14843	0.25068	0.3641	0.4921	0.62967	0.77224	0.91565	1	1	1	1	1	1	1	1	1	1	1	1	1
1	1	1	1	0.85425	0.66106	0.4823	0.32486	0.20158	0.11705	0.070362	0.05794	0.069785	0.094431	0.12154	0.14486	0.15748	0.15983	0.15408	0.14745	0.14844	0.17086	0.19819	0.22079	0.23384	0.2255	0.19093	0.14672	0.10455	0.071655	0.06177	0.0543	0.074542	0.10276	0.13418	0.16104	0.17821	0.18625	0.18643	0.1867	0.19453	0.2157	0.24353	0.26312	0.27157	0.23957	0.20193	0.15847	0.11315	0.074208	0.052345	0.058232	0.093392	0.16834	0.26689	0.38663	0.52127	0.6649	0.81219	0.9584	1	1	1	1	1	1	1	1	1	1	1	1	1
1	1	1	1	0.88489	0.69551	0.52024	0.36758	0.24618	0.16074	0.11062	0.090036	0.08619	0.097181	0.10959	0.11809	0.12065	0.11828	0.11574	0.1169	0.13573	0.17159	0.21423	0.24828	0.26622	0.2631	0.21605	0.16926	0.12622	0.093972	0.07843	0.077374	0.085283	0.098483	0.11623	0.13108	0.14142	0.14833	0.15471	0.16625	0.19042	0.22427	0.26275	0.3007	0.3031	0.2655	0.22397	0.17794	0.13131	0.091045	0.069498	0.075607	0.12119	0.19563	0.29748	0.42055	0.55891	0.70596	0.85571	1	1	1	1	1	1	1	1	1	1	1	1	1	1
1	1	1	1	0.93232	0.74885	0.57898	0.43069	0.31172	0.2252	0.16996	0.14008	0.12659	0.12001	0.10871	0.10184	0.092349	0.083427	0.080838	0.089599	0.12083	0.16579	0.21596	0.26617	0.30112	0.27767	0.22897	0.18365	0.14489	0.11957	0.11084	0.10802	0.10784	0.1067	0.10491	0.10599	0.10703	0.1107	0.12108	0.14288	0.17892	0.22193	0.26627	0.31029	0.31226	0.27696	0.23489	0.19105	0.14873	0.1148	0.098294	0.10829	0.15901	0.23788	0.33981	0.4684	0.60741	0.75496	1	1	1	1	1	1	1	1	1	1	1	1	1	1	1
1	1	1	1	0.9949	0.81925	0.65655	0.5107	0.39455	0.30682	0.24592	0.20603	0.17878	0.15578	0.13121	0.099011	0.076565	0.060078	0.056213	0.070424	0.10724	0.15587	0.20705	0.25573	0.26002	0.25068	0.23055	0.19149	0.16166	0.1486	0.14719	0.14406	0.13731	0.12423	0.10608	0.088653	0.078826	0.077742	0.090247	0.119	0.16323	0.21041	0.2557	0.29738	0.3087	0.27319	0.23543	0.19888	0.16593	0.14216	0.13517	0.15276	0.2102	0.28947	0.39837	0.56205	0.72515	0.90523	1	1	1	1	1	1	1	1	1	1	1	1	1	1	1
1	1	1	1	1	0.90438	0.75038	0.60373	0.49073	0.4018	0.33509	0.28507	0.24423	0.20542	0.16431	0.12109	0.073342	0.051993	0.04781	0.059785	0.094968	0.14123	0.18868	0.22009	0.23144	0.22712	0.20889	0.19	0.17436	0.17485	0.18011	0.18104	0.17004	0.14769	0.11858	0.084608	0.055447	0.058064	0.079386	0.097673	0.14135	0.18779	0.23049	0.26846	0.26926	0.25551	0.22469	0.19912	0.17968	0.1703	0.17679	0.2158	0.27089	0.35225	0.45982	0.63904	0.79544	0.96822	1	1	1	1	1	1	1	1	1	1	1	1	1	1	1
1	1	1	1	1	1	0.85747	0.70587	0.59631	0.50639	0.43417	0.37459	0.32113	0.268	0.21236	0.14789	0.10156	0.068356	0.052408	0.055456	0.089237	0.12777	0.1667	0.18927	0.19939	0.19653	0.18751	0.17876	0.18103	0.19497	0.20974	0.21581	0.20343	0.17532	0.13778	0.092344	0.056999	0.046727	0.055657	0.081248	0.12082	0.16177	0.19788	0.22266	0.22615	0.21927	0.20466	0.19121	0.18899	0.19725	0.2302	0.27377	0.33709	0.42236	0.52984	0.65721	0.88113	1	1	1	1	1	1	1	1	1	1	1	1	1	1	1	1
1	1	1	1	1	1	0.97447	0.81339	0.70763	0.6172	0.54022	0.47226	0.40788	0.34268	0.27524	0.20559	0.14864	0.10483	0.077414	0.067924	0.092724	0.11903	0.1432	0.15912	0.16463	0.16249	0.15948	0.16214	0.18014	0.20765	0.23304	0.2468	0.23621	0.21611	0.15951	0.10705	0.067572	0.055012	0.051547	0.064588	0.1056	0.1367	0.16261	0.17744	0.18075	0.17881	0.17498	0.17681	0.18933	0.23008	0.27435	0.33212	0.40549	0.49633	0.60505	0.72988	0.97956	1	1	1	1	1	1	1	1	1	1	1	1	1	1	1	1
1	1	1	1	1	1	1	0.92296	0.82144	0.73126	0.6507	0.57606	0.50304	0.42857	0.3525	0.27841	0.21291	0.15956	0.12136	0.099027	0.1076	0.11805	0.12791	0.13155	0.12959	0.12592	0.12738	0.13998	0.17632	0.22488	0.25042	0.27005	0.26848	0.24047	0.18011	0.12551	0.085189	0.068378	0.070268	0.082723	0.098397	0.11714	0.12995	0.13542	0.13595	0.13712	0.14276	0.15926	0.18998	0.25378	0.31611	0.38907	0.47376	0.57145	0.68255	0.80569	1	1	1	1	1	1	1	1	1	1	1	1	1	1	1	1	1
1	1	1	1	1	1	1	1	0.93502	0.84606	0.76344	0.68422	0.60522	0.5246	0.44326	0.36401	0.29203	0.23034	0.18204	0.14691	0.14458	0.12923	0.12051	0.10958	0.098098	0.0911	0.095608	0.11933	0.16397	0.21934	0.27889	0.29203	0.2794	0.25041	0.1931	0.1431	0.10823	0.097812	0.099229	0.10523	0.10917	0.10776	0.10521	0.10023	0.095923	0.098629	0.11216	0.14219	0.19027	0.27591	0.35588	0.44415	0.54064	0.64592	0.76017	0.88231	1	1	1	1	1	1	1	1	1	1	1	1	1	1	1	1	1
1	1	1	1	1	1	1	1	1	0.95958	0.87663	0.79514	0.71298	0.62937	0.54201	0.4596	0.38267	0.31429	0.25673	0.22082	0.18928	0.15927	0.12352	0.097003	0.074919	0.063443	0.06977	0.099234	0.14791	0.20611	0.25064	0.26868	0.26001	0.23144	0.20017	0.15862	0.1372	0.13301	0.13551	0.1367	0.13065	0.11553	0.094434	0.076105	0.065618	0.068782	0.0884	0.13033	0.19414	0.29904	0.39526	0.49799	0.60592	0.7188	0.83647	0.95799	1	1	1	1	1	1	1	1	1	1	1	1	1	1	1	1	1
1	1	1	1	1	1	1	1	1	1	0.98866	0.90724	0.82468	0.7411	0.64582	0.56215	0.48176	0.40818	0.34244	0.29254	0.2448	0.19702	0.12832	0.087744	0.059845	0.049413	0.059452	0.082084	0.12844	0.1828	0.21719	0.23807	0.237	0.21825	0.19268	0.16909	0.16453	0.1692	0.1742	0.17295	0.15967	0.13388	0.10041	0.067299	0.050119	0.051741	0.076997	0.12884	0.20606	0.32645	0.43665	0.55205	0.67019	0.78996	0.91073	1	1	1	1	1	1	1	1	1	1	1	1	1	1	1	1	1	1
1	1	1	1	1	1	1	1	1	1	1	1	0.9385	0.85757	0.75149	0.66807	0.58612	0.50871	0.43724	0.37266	0.31021	0.24671	0.17022	0.11568	0.0745	0.051316	0.048854	0.071848	0.11095	0.1513	0.18506	0.20515	0.21032	0.19849	0.18505	0.17775	0.1869	0.20155	0.2114	0.2106	0.19362	0.16112	0.11935	0.079079	0.053937	0.054069	0.08283	0.14255	0.25031	0.36156	0.48272	0.60823	0.73457	0.85977	0.98274	1	1	1	1	1	1	1	1	1	1	1	1	1	1	1	1	1	1
1	1	1	1	1	1	1	1	1	1	1	1	1	0.97626	0.85659	0.77444	0.7018	0.61415	0.5349	0.45979	0.38489	0.30132	0.22687	0.16058	0.10767	0.072267	0.057247	0.071415	0.098849	0.12888	0.15436	0.17011	0.1759	0.17182	0.16989	0.17901	0.20226	0.22803	0.24477	0.2475	0.23075	0.19601	0.15059	0.10628	0.081762	0.079212	0.11029	0.17521	0.28902	0.40732	0.53592	0.66839	0.8003	0.92891	1	1	1	1	1	1	1	1	1	1	1	1	1	1	1	1	1	1	1
1	1	1	1	1	1	1	1	1	1	1	1	1	1	0.96092	0.9085	0.81114	0.72121	0.63623	0.55284	0.46836	0.38033	0.29685	0.22115	0.15816	0.11143	0.083712	0.082964	0.096805	0.11273	0.12635	0.13465	0.13863	0.14017	0.14872	0.17365	0.21067	0.24828	0.27366	0.28288	0.27026	0.23783	0.19353	0.14967	0.1333	0.129	0.16125	0.24172	0.34416	0.46577	0.59806	0.73399	0.86843	0.99803	1	1	1	1	1	1	1	1	1	1	1	1	1	1	1	1	1	1	1
1	1	1	1	1	1	1	1	1	1	1	1	1	1	1	1	0.91943	0.82861	0.73992	0.65092	0.56006	0.46803	0.37828	0.29547	0.2234	0.16695	0.12666	0.11599	0.10551	0.10427	0.10343	0.10195	0.10213	0.10731	0.12505	0.16432	0.21421	0.26383	0.30271	0.31731	0.31231	0.28635	0.24757	0.20833	0.18271	0.20329	0.23815	0.31575	0.41797	0.53966	0.67214	0.808	0.94161	1	1	1	1	1	1	1	1	1	1	1	1	1	1	1	1	1	1	1	1
1	1	1	1	1	1	1	1	1	1	1	1	1	1	1	1	1	0.93503	0.84487	0.7531	0.65916	0.56229	0.46885	0.38109	0.30216	0.23645	0.19063	0.15734	0.13128	0.10552	0.088857	0.076242	0.071282	0.079249	0.10391	0.15523	0.21658	0.27772	0.32382	0.35086	0.35779	0.3417	0.31208	0.28095	0.26182	0.3001	0.33743	0.41318	0.52368	0.66288	0.8234	0.99716	1	1	1	1	1	1	1	1	1	1	1	1	1	1	1	1	1	1	1	1	1
1	1	1	1	1	1	1	1	1	1	1	1	1	1	1	1	1	1	0.95002	0.85828	0.76444	0.66079	0.56595	0.47486	0.39106	0.31782	0.25868	0.20957	0.16577	0.12507	0.086326	0.062289	0.051577	0.059816	0.091136	0.15152	0.22242	0.29397	0.35007	0.38899	0.40528	0.40412	0.38628	0.36575	0.3552	0.41596	0.45077	0.52241	0.62691	0.75851	0.9102	1	1	1	1	1	1	1	1	1	1	1	1	1	1	1	1	1	1	1	1	1	1
1	1	1	1	1	1	1	1	1	1	1	1	1	1	1	1	1	1	1	0.96512	0.87417	0.76115	0.66685	0.57465	0.48892	0.40655	0.33558	0.27176	0.21183	0.15514	0.10452	0.064726	0.048371	0.056245	0.092515	0.1584	0.23659	0.31685	0.3825	0.4331	0.4622	0.47156	0.46766	0.46061	0.45974	0.54671	0.57917	0.64613	0.7438	0.86674	1	1	1	1	1	1	1	1	1	1	1	1	1	1	1	1	1	1	1	1	1	1	1
1	1	1	1	1	1	1	1	1	1	1	1	1	1	1	1	1	1	1	1	0.98623	0.86102	0.76987	0.69057	0.59062	0.50137	0.41999	0.3434	0.26977	0.19989	0.13779	0.090434	0.066115	0.07332	0.11295	0.18041	0.26342	0.34688	0.42406	0.4852	0.52653	0.54912	0.55846	0.56307	0.58376	0.68883	0.7188	0.78064	0.87082	0.9843	1	1	1	1	1	1	1	1	1	1	1	1	1	1	1	1	1	1	1	1	1	1	1
1	1	1	1	1	1	1	1	1	1	1	1	1	1	1	1	1	1	1	1	1	1	0.90636	0.79689	0.69531	0.60068	0.51095	0.42419	0.33992	0.26016	0.18988	0.13653	0.10868	0.11421	0.15554	0.24367	0.30606	0.3934	0.47688	0.54665	0.59864	0.63325	0.66065	0.67849	0.69861	0.83834	0.86566	0.92208	1	1	1	1	1	1	1	1	1	1	1	1	1	1	1	1	1	1	1	1	1	1	1	1	1
1	1	1	1	1	1	1	1	1	1	1	1	1	1	1	1	1	1	1	1	1	1	1	0.90321	0.80133	0.70324	0.60769	0.51382	0.42232	0.33623	0.26116	0.20473	0.17524	0.18004	0.22377	0.31297	0.36405	0.45474	0.54192	0.61783	0.68177	0.72716	0.76023	0.78665	0.81314	0.99118	1	1	1	1	1	1	1	1	1	1	1	1	1	1	1	1	1	1	1	1	1	1	1	1	1	1	1
1	1	1	1	1	1	1	1	1	1	1	1	1	1	1	1	1	1	1	1	1	1	1	1	0.90734	0.808	0.70942	0.61171	0.51649	0.42757	0.35093	0.29407	0.26481	0.26971	0.31718	0.39772	0.51058	0.53485	0.62255	0.70164	0.76772	0.81983	0.8602	0.8933	1	1	1	1	1	1	1	1	1	1	1	1	1	1	1	1	1	1	1	1	1	1	1	1	1	1	1	1	1
1	1	1	1	1	1	1	1	1	1	1	1	1	1	1	1	1	1	1	1	1	1	1	1	1	0.91395	0.81518	0.71682	0.62126	0.53275	0.45737	0.4023	0.37469	0.38172	0.4245	0.5013	0.60882	0.7423	0.70966	0.78897	0.85741	0.91358	0.95882	0.99674	1	1	1	1	1	1	1	1	1	1	1	1	1	1	1	1	1	1	1	1	1	1	1	1	1	1	1	1	1
1	1	1	1	1	1	1	1	1	1	1	1	1	1	1	1	1	1	1	1	1	1	1	1	1	1	0.92365	0.82761	0.73468	0.64936	0.57758	0.526	0.50107	0.50764	0.54801	0.62043	0.7217	0.84725	0.99131	0.88076	0.94906	1	1	1	1	1	1	1	1	1	1	1	1	1	1	1	1	1	1	1	1	1	1	1	1	1	1	1	1	1	1	1	1
1	1	1	1	1	1	1	1	1	1	1	1	1	1	1	1	1	1	1	1	1	1	1	1	1	1	1	0.94198	0.85415	0.77422	0.70776	0.66586	0.64016	0.64627	0.68392	0.75143	0.84571	0.96241	1	1	1	1	1	1	1	1	1	1	1	1	1	1	1	1	1	1	1	1	1	1	1	1	1	1	1	1	1	1	1	1	1	1	1
1	1	1	1	1	1	1	1	1	1	1	1	1	1	1	1	1	1	1	1	1	1	1	1	1	1	1	1	0.97654	0.94156	0.8637	0.81169	0.78796	0.79358	0.82827	0.89044	0.97716	1	1	1	1	1	1	1	1	1	1	1	1	1	1	1	1	1	1	1	1	1	1	1	1	1	1	1	1	1	1	1	1	1	1	1	1
1	1	1	1	1	1	1	1	1	1	1	1	1	1	1	1	1	1	1	1	1	1	1	1	1	1	1	1	1	1	1	0.96203	0.94038	0.94547	0.97704	1	1	1	1	1	1	1	1	1	1	1	1	1	1	1	1	1	1	1	1	1	1	1	1	1	1	1	1	1	1	1	1	1	1	1	1	1	1
1	1	1	1	1	1	1	1	1	1	1	1	1	1	1	1	1	1	1	1	1	1	1	1	1	1	1	1	1	1	1	1	1	1	1	1	1	1	1	1	1	1	1	1	1	1	1	1	1	1	1	1	1	1	1	1	1	1	1	1	1	1	1	1	1	1	1	1	1	1	1	1	1
1	1	1	1	1	1	1	1	1	1	1	1	1	1	1	1	1	1	1	1	1	1	1	1	1	1	1	1	1	1	1	1	1	1	1	1	1	1	1	1	1	1	1	1	1	1	1	1	1	1	1	1	1	1	1	1	1	1	1	1	1	1	1	1	1	1	1	1	1	1	1	1	1
1	1	1	1	1	1	1	1	1	1	1	1	1	1	1	1	1	1	1	1	1	1	1	1	1	1	1	1	1	1	1	1	1	1	1	1	1	1	1	1	1	1	1	1	1	1	1	1	1	1	1	1	1	1	1	1	1	1	1	1	1	1	1	1	1	1	1	1	1	1	1	1	1
1	1	1	1	1	1	1	1	1	1	1	1	1	1	1	1	1	1	1	1	1	1	1	1	1	1	1	1	1	1	1	1	1	1	1	1	1	1	1	1	1	1	1	1	1	1	1	1	1	1	1	1	1	1	1	1	1	1	1	1	1	1	1	1	1	1	1	1	1	1	1	1	1
1	1	1	1	1	1	1	1	1	1	1	1	1	1	1	1	1	1	1	1	1	1	1	1	1	1	1	1	1	1	1	1	1	1	1	1	1	1	1	1	1	1	1	1	1	1	1	1	1	1	1	1	1	1	1	1	1	1	1	1	1	1	1	1	1	1	1	1	1	1	1	1	1
1	1	1	1	1	1	1	1	1	1	1	1	1	1	1	1	1	1	1	1	1	1	1	1	1	1	1	1	1	1	1	1	1	1	1	1	1	1	1	1	1	1	1	1	1	1	1	1	1	1	1	1	1	1	1	1	1	1	1	1	1	1	1	1	1	1	1	1	1	1	1	1	1
1	1	1	1	1	1	1	1	1	1	1	1	1	1	1	1	1	1	1	1	1	1	1	1	1	1	1	1	1	1	1	1	1	1	1	1	1	1	1	1	1	1	1	1	1	1	1	1	1	1	1	1	1	1	1	1	1	1	1	1	1	1	1	1	1	1	1	1	1	1	1	1	1
1	1	1	1	1	1	1	1	1	1	1	1	1	1	1	1	1	1	1	1	1	1	1	1	1	1	1	1	1	1	1	1	1	1	1	1	1	1	1	1	1	1	1	1	1	1	1	1	1	1	1	1	1	1	1	1	1	1	1	1	1	1	1	1	1	1	1	1	1	1	1	1	1
1	1	1	1	1	1	1	1	1	1	1	1	1	1	1	1	1	1	1	1	1	1	1	1	1	1	1	1	1	1	1	1	1	1	1	1	1	1	1	1	1	1	1	1	1	1	1	1	1	1	1	1	1	1	1	1	1	1	1	1	1	1	1	1	1	1	1	1	1	1	1	1	1
1	1	1	1	1	1	1	1	1	1	1	1	1	1	1	1	1	1	1	1	1	1	1	1	1	1	1	1	1	1	1	1	1	1	1	1	1	1	1	1	1	1	1	1	1	1	1	1	1	1	1	1	1	1	1	1	1	1	1	1	1	1	1	1	1	1	1	1	1	1	1	1	1
1	1	1	1	1	1	1	1	1	1	1	1	1	1	1	1	1	1	1	1	1	1	1	1	1	1	1	1	1	1	1	1	1	1	1	1	1	1	1	1	1	1	1	1	1	1	1	1	1	1	1	1	1	1	1	1	1	1	1	1	1	1	1	1	1	1	1	1	1	1	1	1	1
1	1	1	1	1	1	1	1	1	1	1	1	1	1	1	1	1	1	1	1	1	1	1	1	1	1	1	1	1	1	1	1	1	1	1	1	1	1	1	1	1	1	1	1	1	1	1	1	1	1	1	1	1	1	1	1	1	1	1	1	1	1	1	1	1	1	1	1	1	1	1	1	1
