-1	1	1	1	1	1	1	1	1	1	1	1	1	1	1	1	1	1	1	1	1	1	1	1	1	1	1	1	1	1	1	1	1	1	1	1	1	1	1	1	1	1	1	1	1	1	1	1	1	1	1	1	1	1	1	1	1	1	1	1	1	1	1	1	1	1	1	1	1	1	1	1	1
1	1	1	1	1	1	1	1	1	1	1	1	1	1	1	1	1	1	1	1	1	1	1	1	1	1	1	1	1	1	1	1	1	1	1	1	1	1	1	1	1	1	1	1	1	1	1	1	1	1	1	1	1	1	1	1	1	1	1	1	1	1	1	1	1	1	1	1	1	1	1	1	1
1	1	1	1	1	1	1	1	1	1	1	1	1	1	1	1	1	1	1	0.95886	0.90693	0.88451	0.89293	0.93168	0.99851	1	1	1	1	1	1	1	1	1	1	1	1	1	1	1	1	1	1	1	1	1	1	1	1	1	1	1	1	1	1	1	1	1	1	1	1	1	1	1	1	1	1	1	1	1	1	1	1
1	1	1	1	1	1	1	1	1	1	1	1	1	1	1	1	1	1	0.9015	0.81554	0.75866	0.73413	0.74339	0.78589	0.85917	0.95907	1	1	1	1	1	1	1	1	1	1	1	1	1	1	1	1	1	1	1	1	1	1	1	1	1	1	1	1	1	1	1	1	1	1	1	1	1	1	1	1	1	1	1	1	1	1	1
1	1	1	1	1	1	1	1	1	1	1	1	1	1	1	1	1	0.89179	0.77241	0.67935	0.61781	0.59131	0.60136	0.64739	0.72675	0.83497	0.96611	1	1	1	1	1	1	1	1	1	1	1	1	1	1	1	1	1	1	1	1	1	1	1	1	1	1	1	1	1	1	1	1	1	1	1	1	1	1	1	1	1	1	1	1	1	1
1	1	1	1	1	1	1	1	1	1	1	1	1	1	1	1	0.93063	0.78151	0.65378	0.55426	0.48848	0.46016	0.47094	0.52019	0.6051	0.72091	0.86131	1	1	1	1	1	1	1	1	1	1	1	1	1	1	1	1	1	1	1	1	1	1	1	1	1	1	1	1	1	1	1	1	1	1	1	1	1	1	1	1	1	1	1	1	1	1
1	1	1	1	1	1	1	1	1	1	1	1	1	1	1	0.92853	0.78924	0.65633	0.53743	0.44078	0.37455	0.34466	0.35607	0.40815	0.49792	0.62038	0.76889	0.93574	1	1	1	1	1	1	1	1	1	1	1	1	1	1	1	1	1	1	1	1	1	1	1	1	1	1	1	1	1	1	1	1	1	1	1	1	1	1	1	1	1	1	1	1	1
1	1	1	1	1	1	1	1	1	1	1	1	1	1	0.99482	0.85048	0.70667	0.56977	0.44738	0.34782	0.27918	0.24827	0.26036	0.31477	0.40858	0.53656	0.69181	0.86628	1	1	1	1	1	1	1	1	1	1	1	1	1	1	1	1	1	1	1	1	1	1	1	1	1	1	1	1	1	1	1	1	1	1	1	1	1	1	1	1	1	1	1	1	1
1	1	1	1	1	1	1	1	1	1	1	1	1	1	0.92626	0.77938	0.63403	0.4963	0.37352	0.27378	0.20514	0.17451	0.18647	0.24234	0.33997	0.47217	0.63258	0.8129	1	1	1	1	1	1	1	1	1	1	1	1	1	1	1	1	1	1	1	1	1	1	1	1	1	1	1	1	1	1	1	1	1	1	1	1	1	1	1	1	1	1	1	1	1
1	1	1	1	1	1	1	1	1	1	1	1	1	1	0.86176	0.71493	0.57107	0.43581	0.31596	0.21911	0.153	0.1244	0.138	0.19536	0.29434	0.42936	0.59319	0.77739	0.97298	1	1	1	1	1	1	1	1	1	1	1	1	1	1	1	1	1	1	1	1	1	1	1	1	1	1	1	1	1	1	1	1	1	1	1	1	1	1	1	1	1	1	1	1
1	1	1	1	1	1	1	1	1	1	1	1	1	0.94559	0.80042	0.65598	0.51643	0.38684	0.27324	0.1825	0.1217	0.097225	0.11366	0.17274	0.27268	0.40807	0.57498	0.76096	0.95848	1	1	1	1	1	1	1	1	1	1	1	1	1	1	1	1	1	1	1	1	1	1	1	1	1	1	1	1	1	1	1	1	1	1	1	1	1	1	1	1	1	1	1	1
1	1	1	1	1	1	1	1	1	1	1	1	1	0.88466	0.74093	0.60074	0.46792	0.34683	0.2426	0.16109	0.10847	0.090464	0.11131	0.17276	0.27337	0.40824	0.57856	0.7642	0.96133	1	1	1	1	1	1	1	1	1	1	1	1	1	1	1	1	1	1	1	1	1	1	1	1	1	1	1	1	1	1	1	1	1	1	1	1	1	1	1	1	1	1	1	1
1	1	1	1	1	1	1	1	1	1	1	1	0.96808	0.82344	0.68192	0.54724	0.42292	0.31262	0.22042	0.15099	0.10932	0.10021	0.1273	0.1922	0.2937	0.42745	0.58625	0.78698	0.98145	1	1	1	1	1	1	1	1	1	1	1	1	1	1	1	1	1	1	1	1	1	1	1	1	1	1	1	1	1	1	1	1	1	1	1	1	1	1	1	1	1	1	1	1
1	1	1	1	1	1	1	1	1	1	1	1	0.90717	0.76148	0.62236	0.49375	0.37898	0.28103	0.20288	0.14787	0.11963	0.12176	0.15708	0.22683	0.28925	0.39007	0.50591	0.63164	0.76106	0.88926	1	1	1	1	1	1	1	1	1	1	1	1	1	1	1	1	1	1	1	1	1	1	1	1	1	1	1	1	1	1	1	1	1	1	1	1	1	1	1	1	1	1	1
1	1	1	1	1	1	1	1	1	1	1	0.99823	0.84621	0.69899	0.5619	0.43927	0.33434	0.24948	0.18664	0.14773	0.1349	0.15032	0.18633	0.245	0.32215	0.41469	0.51921	0.6321	0.74963	0.86798	0.98407	1	1	1	1	1	1	1	1	1	1	1	1	1	1	1	1	1	1	1	1	1	1	1	1	1	1	1	1	1	1	1	1	1	1	1	1	1	1	1	1	1	1
1	1	1	1	1	1	1	1	1	1	1	0.94342	0.78651	0.63706	0.50125	0.38393	0.28841	0.2166	0.16947	0.14756	0.15143	0.17787	0.22267	0.28271	0.35538	0.43859	0.5306	0.62974	0.73419	0.84169	0.94999	1	1	1	1	1	1	1	1	1	1	0.97847	0.94846	0.9479	0.97681	1	1	1	1	1	1	1	1	1	1	1	1	1	1	1	1	1	1	1	1	1	1	1	1	1	1	1	1
1	1	1	1	1	1	1	1	1	1	1	0.8924	0.73015	0.57776	0.44226	0.32919	0.24206	0.18253	0.15071	0.14585	0.16588	0.20416	0.25554	0.31613	0.38347	0.45652	0.53525	0.62003	0.71123	0.8076	0.90825	1	1	1	1	1	1	1	1	0.98408	0.89376	0.83027	0.79728	0.79669	0.82855	0.891	0.98045	1	1	1	1	1	1	1	1	1	1	1	1	1	1	1	1	1	1	1	1	1	1	1	1	1	1
1	1	1	1	1	1	1	1	1	1	0.97684	0.79522	0.6516	0.51266	0.38573	0.27776	0.19462	0.14056	0.13145	0.14276	0.17655	0.22488	0.28128	0.34109	0.40205	0.46419	0.52923	0.59958	0.67733	0.76361	0.85737	0.95709	1	1	1	0.99299	1	1	0.97702	0.85499	0.75675	0.68775	0.65191	0.65131	0.68598	0.75392	0.85125	0.97258	1	1	1	1	1	1	1	1	1	1	1	1	1	1	1	1	1	1	1	1	1	1	1	1	1
1	1	1	1	1	1	1	1	1	1	0.91028	0.75957	0.59667	0.45869	0.33507	0.23304	0.15859	0.11579	0.10645	0.13866	0.18311	0.2388	0.29786	0.35502	0.40828	0.4588	0.51002	0.56632	0.63166	0.70867	0.79683	0.89485	0.94132	0.95072	0.94253	0.91315	0.86243	1	0.86577	0.73457	0.62901	0.55491	0.51645	0.51583	0.5531	0.62612	0.73075	0.86122	0.82575	0.91219	0.99221	1	1	1	1	1	1	1	1	1	1	1	1	1	1	1	1	1	1	1	1	1	1
1	1	1	1	1	1	1	1	1	0.99916	0.84926	0.69805	0.54594	0.41043	0.29131	0.19594	0.1303	0.098268	0.098742	0.12588	0.18677	0.24629	0.30497	0.35713	0.40117	0.43938	0.47684	0.51981	0.57391	0.64307	0.72725	1	0.84999	0.86705	0.86431	0.83742	0.78595	0.71373	0.76578	0.6264	0.51432	0.43566	0.39486	0.39424	0.43383	0.51138	0.62252	0.63886	0.73122	0.81952	0.90002	0.97185	1	1	1	1	1	1	1	1	1	1	1	1	1	1	1	1	1	1	1	1	1
1	1	1	1	1	1	1	1	1	0.94276	0.7929	0.64367	0.50016	0.36829	0.2552	0.16756	0.11116	0.089625	0.098341	0.13195	0.18098	0.24916	0.30397	0.3485	0.38165	0.40688	0.43082	0.46137	0.50565	0.56854	0.65051	0.91527	0.76116	0.78703	0.79103	0.76216	0.71261	0.6399	0.63775	0.51327	0.40861	0.33204	0.29087	0.29024	0.33182	0.41322	0.45777	0.54995	0.64313	0.73055	0.80876	0.8776	0.93944	0.99801	1	1	1	1	1	1	1	1	1	1	1	1	1	1	1	1	1	1	1
1	1	1	1	1	1	1	1	1	0.88795	0.73968	0.5945	0.45713	0.33295	0.22656	0.14802	0.10164	0.088999	0.10535	0.14306	0.19226	0.24291	0.29757	0.33174	0.35238	0.36406	0.37484	0.39405	0.43	0.48826	0.68522	0.79255	0.67737	0.70489	0.71509	0.69689	0.64942	0.57657	0.56013	0.43373	0.32741	0.24954	0.20761	0.20698	0.25028	0.29758	0.38058	0.47238	0.56334	0.64675	0.71964	0.78275	0.83953	0.89476	1	1	1	1	1	1	1	1	1	1	1	1	1	1	1	1	1	1	1
1	1	1	1	1	1	1	1	0.98102	0.83355	0.68785	0.54816	0.41885	0.30459	0.21046	0.13639	0.10111	0.097359	0.11983	0.1598	0.20682	0.25077	0.28402	0.3107	0.31739	0.31517	0.31331	0.32233	0.35143	0.48378	0.56632	0.68082	0.59254	0.63409	0.6512	0.63811	0.5939	0.52271	0.43313	0.36966	0.26473	0.18808	0.14717	0.14756	0.1717	0.23814	0.3195	0.40781	0.49322	0.56927	0.63374	0.68838	0.73787	0.78808	1	1	1	1	1	1	1	1	1	1	1	1	1	1	1	1	1	1	1
1	1	1	1	1	1	1	1	0.9263	0.77855	0.63576	0.50231	0.38227	0.27961	0.19835	0.14263	0.10799	0.11291	0.14098	0.1821	0.22542	0.26106	0.28061	0.2844	0.27247	0.25261	0.23587	0.25171	0.29781	0.37581	0.46281	0.50157	0.52113	0.56995	0.59334	0.58536	0.54522	0.47728	0.39043	0.32045	0.2202	0.14759	0.10984	0.11248	0.13725	0.19402	0.27567	0.35718	0.4336	0.49899	0.55203	0.59568	0.63588	0.67964	0.86429	0.91224	0.98798	1	1	1	1	1	1	1	1	1	1	1	1	1	1	1	1
1	1	1	1	1	1	1	1	0.87097	0.72252	0.58237	0.45517	0.34483	0.25467	0.18765	0.14659	0.13414	0.13365	0.16734	0.20887	0.24805	0.27502	0.28371	0.27299	0.24768	0.2153	0.19602	0.19039	0.2134	0.28731	0.33467	0.41919	0.45867	0.51281	0.54103	0.53751	0.50171	0.43828	0.3563	0.28409	0.19184	0.1263	0.094112	0.094702	0.12519	0.17812	0.24397	0.32076	0.38489	0.43656	0.47553	0.50606	0.53537	0.57158	0.6216	0.77035	0.85312	0.96159	1	1	1	1	1	1	1	1	1	1	1	1	1	1	1
1	1	1	1	1	1	1	0.97128	0.81575	0.66584	0.52758	0.40603	0.30507	0.22751	0.17532	0.14998	0.15251	0.17732	0.21425	0.23757	0.2725	0.2913	0.28914	0.26631	0.22858	0.18613	0.15201	0.13892	0.16899	0.19576	0.26848	0.35191	0.40589	0.46256	0.49339	0.49296	0.46119	0.40308	0.32779	0.25752	0.17642	0.12094	0.096893	0.10226	0.13301	0.18129	0.23775	0.29827	0.34719	0.38257	0.40538	0.42123	0.43861	0.46661	0.57996	0.6365	0.72583	0.84296	0.98154	1	1	1	1	1	1	1	1	1	1	1	1	1	1
1	1	1	1	1	1	1	0.92242	0.76218	0.60993	0.47251	0.35553	0.26303	0.19744	0.15988	0.15055	0.16844	0.20447	0.24791	0.28791	0.31469	0.32123	0.30482	0.26786	0.21765	0.16546	0.12406	0.10607	0.12634	0.15427	0.21548	0.30115	0.36309	0.41883	0.44937	0.45002	0.42139	0.36888	0.30166	0.23709	0.16991	0.12729	0.11396	0.1253	0.15689	0.20027	0.24638	0.2869	0.32045	0.33766	0.34297	0.3433	0.34829	0.36792	0.45423	0.51453	0.60981	0.73477	0.73191	0.82491	0.9121	0.99089	1	1	1	1	1	1	1	1	1	1	1
1	1	1	1	1	1	1	0.82203	0.68237	0.54513	0.41723	0.30571	0.22039	0.16556	0.14171	0.14792	0.17979	0.22615	0.27566	0.31706	0.34091	0.34123	0.31674	0.27134	0.21361	0.15558	0.11056	0.090821	0.099416	0.13501	0.19249	0.26157	0.33028	0.3812	0.40809	0.40735	0.38044	0.33328	0.275	0.2193	0.16821	0.14084	0.13952	0.15896	0.19224	0.23105	0.26669	0.29205	0.30381	0.30026	0.28547	0.26808	0.26754	0.27909	0.34456	0.40812	0.50857	0.5457	0.64212	0.73651	0.82353	0.901	0.96955	1	1	1	1	1	1	1	1	1	1
1	1	1	1	1	1	0.94014	0.79558	0.62706	0.49067	0.36584	0.2599	0.1794	0.12937	0.12309	0.14302	0.1861	0.2409	0.29519	0.3375	0.3589	0.35453	0.32453	0.27412	0.2129	0.15333	0.10874	0.091425	0.10007	0.13554	0.18838	0.24834	0.30001	0.34943	0.36918	0.36431	0.33737	0.29485	0.24581	0.20134	0.16776	0.15743	0.17011	0.19834	0.23347	0.26828	0.29434	0.30559	0.29941	0.27843	0.24714	0.21537	0.19516	0.19822	0.25436	0.3206	0.37263	0.46469	0.5613	0.65411	0.73795	0.81125	0.87554	0.9344	0.9921	1	1	1	1	1	1	1	1
1	1	1	1	1	1	0.87413	0.72829	0.57434	0.44015	0.31945	0.21972	0.14752	0.10776	0.10306	0.1373	0.18844	0.24888	0.30579	0.34773	0.3665	0.35847	0.32511	0.27286	0.212	0.1551	0.115	0.10177	0.11616	0.15196	0.19985	0.24973	0.29193	0.31795	0.33298	0.3213	0.29243	0.25352	0.21349	0.18168	0.16621	0.17396	0.20125	0.23717	0.27549	0.30702	0.32447	0.32315	0.30216	0.26531	0.21999	0.17646	0.14717	0.14405	0.18624	0.22913	0.30655	0.39747	0.49111	0.57904	0.65646	0.7226	0.78004	0.8335	0.88821	1	1	1	1	1	1	1	1
1	1	1	1	1	0.956	0.81238	0.668	0.52737	0.39454	0.27948	0.187	0.12355	0.093843	0.096828	0.12727	0.1893	0.25171	0.30825	0.34778	0.36304	0.35168	0.31653	0.26501	0.20785	0.15736	0.12553	0.12179	0.14256	0.1795	0.22278	0.26253	0.29037	0.30205	0.29569	0.27105	0.2473	0.21077	0.17908	0.16039	0.16276	0.1888	0.22736	0.27232	0.31341	0.34225	0.35241	0.34062	0.30763	0.25857	0.20269	0.15094	0.11579	0.11698	0.14314	0.17925	0.25867	0.34536	0.43262	0.51219	0.5799	0.63594	0.68408	0.73025	0.78063	0.99064	1	1	1	1	1	1	1
1	1	1	1	1	0.89576	0.7537	0.61322	0.47838	0.35408	0.24654	0.16279	0.10897	0.089433	0.099274	0.13442	0.18528	0.25207	0.30471	0.33916	0.34935	0.33433	0.29819	0.24922	0.19833	0.15725	0.13749	0.14575	0.1741	0.21324	0.25284	0.28333	0.29788	0.29343	0.27339	0.2394	0.19832	0.1593	0.14525	0.13923	0.15835	0.19745	0.24833	0.30024	0.34347	0.36987	0.37402	0.35408	0.31236	0.25533	0.19305	0.13734	0.10018	0.095224	0.11141	0.15818	0.22474	0.30884	0.38627	0.4541	0.50898	0.55223	0.58894	0.62622	0.67121	0.84281	0.90497	0.99386	1	1	1	1	1
1	1	1	1	0.97587	0.83561	0.6965	0.56186	0.43529	0.32097	0.22034	0.14713	0.10419	0.093247	0.11025	0.14818	0.19753	0.24735	0.29825	0.32462	0.32772	0.30808	0.27105	0.22562	0.18266	0.15311	0.1483	0.16934	0.20621	0.24836	0.28525	0.30786	0.31054	0.28812	0.25634	0.21329	0.16815	0.13055	0.10973	0.11303	0.15298	0.2034	0.26262	0.31923	0.36321	0.38692	0.38604	0.36019	0.3131	0.25229	0.18833	0.13325	0.098307	0.093897	0.11247	0.1573	0.21739	0.28292	0.35201	0.40501	0.44435	0.47262	0.49623	0.52347	0.56236	0.70024	0.76792	0.86472	0.98527	1	1	1	1
1	1	1	1	0.91447	0.77454	0.63917	0.51167	0.39519	0.29309	0.20925	0.13909	0.10855	0.10689	0.12982	0.16924	0.21523	0.25778	0.29253	0.3078	0.30162	0.27605	0.23764	0.19596	0.16168	0.14518	0.15596	0.18953	0.23467	0.28012	0.3152	0.33151	0.32456	0.29484	0.24306	0.19311	0.14499	0.10938	0.096939	0.1051	0.13925	0.20705	0.27085	0.32904	0.37166	0.39182	0.38643	0.35656	0.30719	0.24665	0.18558	0.13572	0.10734	0.1063	0.13052	0.17338	0.22608	0.27934	0.32942	0.36506	0.3868	0.39855	0.40801	0.42459	0.45704	0.56688	0.63967	0.74382	0.87358	1	1	1	1
1	1	1	0.99548	0.85171	0.71197	0.58048	0.46069	0.3554	0.26711	0.1985	0.15269	0.13315	0.12824	0.15708	0.19738	0.23902	0.27221	0.29124	0.29169	0.2719	0.23586	0.19237	0.1635	0.13796	0.13446	0.15967	0.20406	0.25652	0.305	0.33884	0.35034	0.33625	0.29843	0.24382	0.17863	0.12945	0.097115	0.090399	0.10607	0.14634	0.20113	0.27479	0.33083	0.36938	0.38454	0.3746	0.34205	0.29297	0.23618	0.1821	0.14198	0.12391	0.13237	0.16095	0.20223	0.24733	0.28763	0.31661	0.33447	0.33733	0.33179	0.32677	0.33263	0.35872	0.44658	0.52398	0.63472	0.77273	0.93072	1	1	1
1	1	1	0.93552	0.78819	0.64807	0.52005	0.40784	0.31401	0.24031	0.18821	0.15932	0.15558	0.17407	0.20642	0.22833	0.26541	0.29013	0.29738	0.28357	0.25371	0.21109	0.16518	0.12692	0.10699	0.12339	0.15948	0.21237	0.27031	0.32079	0.35336	0.36122	0.34231	0.29978	0.24158	0.16896	0.12135	0.094161	0.094802	0.11554	0.15934	0.21377	0.26851	0.3269	0.35826	0.36651	0.35146	0.31694	0.27	0.21971	0.17592	0.14851	0.14566	0.16487	0.19889	0.23935	0.2772	0.30491	0.3171	0.31296	0.29506	0.27025	0.24909	0.25105	0.27121	0.343	0.42433	0.54072	0.68581	0.85196	1	1	1
1	1	1	0.87689	0.72532	0.584	0.4586	0.35324	0.27041	0.21125	0.17608	0.16504	0.17842	0.20814	0.24651	0.284	0.31178	0.32281	0.31331	0.2806	0.23954	0.19055	0.14305	0.10792	0.096477	0.1075	0.15724	0.21543	0.2761	0.32669	0.35729	0.36208	0.34024	0.29606	0.23823	0.17845	0.11969	0.10075	0.10447	0.13345	0.17875	0.23017	0.27788	0.32033	0.34131	0.34053	0.31938	0.28303	0.23932	0.19735	0.16618	0.1551	0.16888	0.19943	0.23912	0.27921	0.31087	0.32717	0.32434	0.30283	0.26804	0.22815	0.19449	0.17939	0.21567	0.25936	0.34386	0.46479	0.61557	0.7883	0.97439	1	1
1	1	1	0.82175	0.66537	0.52198	0.39811	0.29843	0.22553	0.18009	0.16146	0.16833	0.19708	0.23859	0.28329	0.32165	0.3453	0.34832	0.32853	0.27874	0.22917	0.17522	0.1273	0.095975	0.089515	0.10763	0.14879	0.21535	0.27525	0.32332	0.35048	0.35209	0.32858	0.28521	0.23116	0.17793	0.13792	0.12144	0.12492	0.15887	0.20435	0.25098	0.28928	0.31267	0.31646	0.30036	0.26735	0.24352	0.20416	0.17076	0.15347	0.16008	0.19114	0.23125	0.2771	0.31734	0.34362	0.35006	0.33439	0.29877	0.24986	0.19787	0.15465	0.13266	0.15378	0.19809	0.28513	0.40937	0.56429	0.7418	0.9331	1	1
1	1	0.90483	0.72945	0.59005	0.45822	0.34118	0.24548	0.18191	0.14877	0.14549	0.16882	0.21102	0.26244	0.3125	0.35148	0.37161	0.36825	0.34077	0.29293	0.22145	0.16486	0.1185	0.092296	0.090838	0.11393	0.15642	0.20754	0.27019	0.31255	0.33418	0.3318	0.30712	0.26626	0.21861	0.17516	0.14701	0.14471	0.16491	0.19016	0.2353	0.2759	0.30422	0.3139	0.30442	0.27741	0.23723	0.19361	0.15319	0.14332	0.13982	0.16349	0.20645	0.258	0.3091	0.34949	0.37127	0.36963	0.3438	0.29748	0.23859	0.1784	0.12934	0.10362	0.11591	0.16179	0.25	0.37627	0.53366	0.71403	0.90842	1	1
1	0.98132	0.83521	0.68846	0.53319	0.40308	0.29012	0.20116	0.1415	0.11428	0.131	0.16686	0.2196	0.27844	0.33202	0.37067	0.38743	0.37902	0.34636	0.29457	0.23241	0.15857	0.11636	0.097381	0.10058	0.12723	0.16887	0.21567	0.25725	0.29719	0.31081	0.3031	0.27706	0.23958	0.20005	0.16865	0.15611	0.16955	0.20014	0.2404	0.28079	0.31191	0.32648	0.32072	0.29442	0.25644	0.20962	0.16286	0.12619	0.11083	0.11704	0.16421	0.21845	0.27783	0.33267	0.37262	0.39042	0.38243	0.3493	0.29606	0.23172	0.16781	0.11719	0.094642	0.10099	0.14907	0.23824	0.36424	0.5247	0.7059	0.90121	1	1
1	0.9191	0.77202	0.6256	0.48148	0.35463	0.24689	0.16522	0.1149	0.09889	0.11265	0.16457	0.22406	0.28691	0.34132	0.37798	0.39093	0.37832	0.34258	0.29	0.23004	0.1738	0.11976	0.10774	0.11809	0.14746	0.18679	0.22658	0.25839	0.28072	0.28378	0.2691	0.24098	0.20698	0.17635	0.15848	0.16302	0.19306	0.2327	0.27856	0.31866	0.34422	0.34908	0.331	0.28709	0.23913	0.18622	0.13847	0.10579	0.09746	0.11221	0.1522	0.22634	0.2905	0.34671	0.38497	0.39882	0.38586	0.3481	0.29169	0.22645	0.16349	0.11584	0.094349	0.10629	0.15759	0.24784	0.37329	0.52696	0.71771	0.91169	1	1
1	0.85998	0.71433	0.57111	0.43547	0.3136	0.21264	0.1392	0.098418	0.093025	0.11357	0.15774	0.22681	0.28955	0.34146	0.37381	0.38189	0.36533	0.328	0.27722	0.22284	0.17516	0.14506	0.14015	0.14186	0.17374	0.20992	0.24168	0.2615	0.26567	0.25299	0.22567	0.19036	0.15569	0.15006	0.1459	0.1673	0.20854	0.26001	0.31083	0.35086	0.37183	0.36877	0.34099	0.29254	0.22588	0.1687	0.12136	0.093451	0.092771	0.11486	0.16093	0.22043	0.29701	0.35151	0.38613	0.39546	0.37843	0.33827	0.28206	0.22006	0.16259	0.12272	0.10827	0.12785	0.18374	0.27565	0.4003	0.55144	0.74904	0.93952	1	1
0.94583	0.80273	0.66048	0.52297	0.39476	0.28128	0.18748	0.12362	0.092966	0.094064	0.12234	0.16927	0.22473	0.28913	0.3348	0.36011	0.36173	0.34088	0.3028	0.25561	0.20931	0.17336	0.15783	0.16667	0.19114	0.22242	0.25152	0.26007	0.27071	0.26103	0.23584	0.20039	0.16189	0.12968	0.11323	0.13324	0.16806	0.22077	0.28013	0.3347	0.37425	0.39123	0.38193	0.34716	0.29237	0.21543	0.15653	0.11168	0.091336	0.093998	0.12415	0.17344	0.23217	0.2881	0.34853	0.37704	0.38073	0.35989	0.31896	0.26568	0.21039	0.16336	0.1335	0.13174	0.16103	0.22311	0.31767	0.44182	0.59002	0.75454	0.98375	1	1
0.88726	0.74587	0.60843	0.47858	0.36023	0.25788	0.17666	0.1178	0.098259	0.1066	0.13947	0.1869	0.2384	0.28416	0.32468	0.34005	0.33337	0.30743	0.26876	0.22615	0.19091	0.16706	0.1688	0.1916	0.22502	0.2596	0.28617	0.29747	0.28965	0.25869	0.22274	0.17961	0.13849	0.10886	0.099678	0.11758	0.15256	0.22868	0.29285	0.34909	0.38708	0.40013	0.38586	0.34654	0.28881	0.22308	0.14856	0.10874	0.095056	0.10516	0.14023	0.19036	0.24542	0.29519	0.34019	0.35982	0.35631	0.33139	0.29061	0.24219	0.19617	0.16084	0.14742	0.16029	0.20119	0.27112	0.36957	0.49394	0.63935	0.79897	1	1	1
0.82747	0.6881	0.5562	0.43524	0.32851	0.23949	0.17207	0.13051	0.11288	0.12788	0.16452	0.21096	0.25661	0.29221	0.31499	0.31776	0.30091	0.26884	0.22924	0.19189	0.16517	0.15762	0.1761	0.21163	0.25354	0.2915	0.31635	0.32158	0.30467	0.25677	0.21239	0.16377	0.12135	0.095064	0.093215	0.11431	0.15964	0.21942	0.29936	0.35443	0.38905	0.39759	0.37906	0.3371	0.27938	0.21695	0.16018	0.11302	0.10685	0.12355	0.1625	0.21176	0.26103	0.30148	0.32584	0.32854	0.31087	0.276	0.25504	0.21314	0.17789	0.15735	0.16138	0.19023	0.24429	0.32362	0.4273	0.55287	0.69604	0.85084	1	1	1
0.76628	0.62868	0.50237	0.39076	0.29661	0.22239	0.17066	0.1442	0.1459	0.16795	0.19622	0.24102	0.27908	0.30404	0.30973	0.29705	0.26641	0.22534	0.18061	0.15552	0.13886	0.14639	0.17872	0.22505	0.27406	0.31482	0.33835	0.33901	0.31561	0.27172	0.20365	0.15263	0.11103	0.089491	0.095466	0.12152	0.17083	0.23067	0.30193	0.35246	0.38132	0.38416	0.36143	0.31807	0.26261	0.2064	0.1594	0.13232	0.13398	0.14736	0.18971	0.23684	0.27934	0.30844	0.31949	0.31094	0.28391	0.24377	0.20044	0.16018	0.15553	0.15206	0.17375	0.21924	0.28745	0.37736	0.48746	0.61529	0.757	0.90741	1	1	1
0.7043	0.56777	0.44649	0.34396	0.26254	0.20376	0.16884	0.15904	0.17421	0.20654	0.24588	0.2843	0.31229	0.32296	0.31314	0.28398	0.24353	0.19573	0.15045	0.11826	0.10934	0.13511	0.17749	0.2317	0.2855	0.32769	0.34968	0.34688	0.31936	0.272	0.21371	0.14538	0.10734	0.092465	0.10185	0.13632	0.18731	0.24445	0.29677	0.34591	0.3663	0.36179	0.33434	0.29015	0.23838	0.19303	0.1543	0.14287	0.15797	0.19113	0.23311	0.26327	0.29869	0.31692	0.31469	0.29325	0.25699	0.21211	0.16766	0.13345	0.11977	0.14587	0.1846	0.24657	0.32923	0.43035	0.54774	0.67871	0.81976	0.96639	1	1	1
0.64311	0.50668	0.38941	0.29509	0.22579	0.18226	0.16446	0.17209	0.20207	0.2425	0.2861	0.3226	0.34369	0.34379	0.32137	0.27496	0.2252	0.17261	0.12738	0.099824	0.097124	0.11824	0.17456	0.23287	0.28831	0.32976	0.34933	0.34357	0.31385	0.2661	0.20988	0.15686	0.10935	0.10343	0.11956	0.15862	0.20965	0.26199	0.30589	0.33821	0.34736	0.33366	0.30059	0.25548	0.20858	0.16997	0.1468	0.15157	0.18008	0.22199	0.26736	0.30618	0.32994	0.33322	0.3104	0.27753	0.23202	0.18282	0.1394	0.11132	0.10701	0.12988	0.1956	0.27308	0.36968	0.48198	0.60696	0.74162	0.88262	1	1	1	1
0.58522	0.44787	0.33338	0.24594	0.18754	0.15833	0.15712	0.18216	0.22364	0.2734	0.32058	0.35564	0.37107	0.3627	0.33057	0.27935	0.21202	0.15653	0.11274	0.092754	0.093208	0.12003	0.16486	0.23096	0.28427	0.32216	0.33777	0.3289	0.29821	0.25253	0.20171	0.15702	0.12977	0.12997	0.14428	0.18754	0.23769	0.28328	0.31711	0.33296	0.32741	0.30046	0.25742	0.20855	0.17444	0.14519	0.1369	0.15716	0.19755	0.24743	0.29592	0.33289	0.35045	0.34442	0.31515	0.26269	0.21055	0.15854	0.11724	0.098378	0.10111	0.13713	0.20353	0.30094	0.41018	0.53285	0.66508	0.80347	0.94469	1	1	1	1
0.53394	0.39484	0.28188	0.1998	0.15068	0.13422	0.14834	0.18639	0.23939	0.29619	0.34603	0.37962	0.39041	0.37565	0.33693	0.2802	0.21518	0.14721	0.10699	0.091161	0.098411	0.12875	0.17321	0.22135	0.27619	0.30732	0.31691	0.30419	0.27305	0.23107	0.18814	0.15478	0.14209	0.15678	0.18905	0.23201	0.26653	0.30664	0.33015	0.3321	0.31362	0.27701	0.22835	0.1773	0.13492	0.12118	0.12642	0.15911	0.20925	0.2654	0.31604	0.35109	0.36347	0.35025	0.31321	0.24785	0.19227	0.13976	0.10229	0.089229	0.10372	0.15161	0.22947	0.33197	0.45303	0.58451	0.72295	0.86449	1	1	1	1	1
0.49303	0.35173	0.2393	0.16108	0.11939	0.11372	0.13949	0.1878	0.24858	0.30989	0.36067	0.39212	0.39883	0.37947	0.33709	0.27872	0.2145	0.15659	0.11263	0.099591	0.11282	0.14506	0.18687	0.22856	0.26755	0.28864	0.28992	0.27215	0.24043	0.20297	0.16944	0.14964	0.15385	0.18425	0.22381	0.27106	0.31372	0.34295	0.35223	0.33339	0.30247	0.25612	0.20226	0.1509	0.11294	0.09915	0.10871	0.15872	0.21554	0.2754	0.32642	0.35889	0.36669	0.34816	0.30642	0.24891	0.17651	0.12641	0.098227	0.089927	0.11582	0.17448	0.26212	0.37308	0.50052	0.63898	0.78195	0.92547	1	1	1	1	1
0.4663	0.32289	0.2104	0.13476	0.098667	0.10155	0.13347	0.18797	0.25262	0.31507	0.36431	0.39227	0.39482	0.37213	0.32858	0.27201	0.21271	0.16227	0.13103	0.11644	0.1355	0.16877	0.20631	0.2394	0.26138	0.26715	0.25432	0.2259	0.18902	0.17092	0.1474	0.14248	0.16368	0.20456	0.25484	0.30566	0.34672	0.36988	0.36994	0.34567	0.29313	0.239	0.18143	0.13092	0.10243	0.090706	0.10841	0.14887	0.21812	0.27834	0.32727	0.35586	0.35911	0.33669	0.29292	0.23602	0.17688	0.11794	0.096229	0.10025	0.13748	0.2061	0.3021	0.41965	0.55184	0.69833	0.84357	0.98741	1	1	1	1	1
0.46217	0.3123	0.19965	0.12571	0.093558	0.097533	0.13375	0.18996	0.25404	0.31367	0.35826	0.38076	0.37847	0.35307	0.31014	0.25814	0.20718	0.16808	0.14994	0.15629	0.17837	0.19651	0.22984	0.25403	0.26313	0.25601	0.23332	0.19895	0.16081	0.12883	0.1128	0.13461	0.16938	0.22141	0.27892	0.33235	0.37167	0.38962	0.38234	0.35015	0.29777	0.22498	0.1661	0.11838	0.093849	0.090598	0.11427	0.15729	0.20971	0.27635	0.32018	0.34301	0.34115	0.31566	0.27193	0.21869	0.16665	0.12736	0.10196	0.11915	0.1679	0.24598	0.3492	0.47175	0.60684	0.74737	0.90908	1	1	1	1	1	1
0.47013	0.32349	0.21068	0.13799	0.10845	0.10851	0.14375	0.19714	0.25597	0.30859	0.34512	0.35979	0.35146	0.32332	0.28205	0.23651	0.19749	0.17133	0.16986	0.18795	0.21658	0.24711	0.27097	0.28126	0.26846	0.24847	0.21533	0.17496	0.13592	0.10814	0.10078	0.11621	0.17272	0.2325	0.29477	0.34907	0.38593	0.39911	0.3862	0.34897	0.29329	0.22844	0.15585	0.11345	0.095457	0.099433	0.12746	0.17065	0.21936	0.27244	0.30784	0.32265	0.31466	0.28629	0.24393	0.19659	0.15496	0.12781	0.12594	0.15205	0.20556	0.29284	0.40248	0.52878	0.66522	0.80511	0.97921	1	1	1	1	1	1
0.50115	0.35675	0.2458	0.17431	0.13329	0.13591	0.16634	0.21266	0.26201	0.30335	0.32842	0.33275	0.31687	0.28546	0.24616	0.2087	0.18031	0.17182	0.18671	0.21648	0.25166	0.28312	0.30269	0.30455	0.28649	0.24345	0.20138	0.15625	0.11725	0.094107	0.095448	0.11759	0.16311	0.23895	0.30263	0.35531	0.38833	0.39667	0.37939	0.33965	0.28422	0.22267	0.1664	0.11826	0.10488	0.11704	0.14835	0.18996	0.23224	0.26677	0.29375	0.29817	0.28269	0.25113	0.21073	0.17095	0.14047	0.12947	0.14427	0.18508	0.25214	0.34508	0.46233	0.58952	0.72613	0.91788	1	1	1	1	1	1	1
0.55416	0.41359	0.30557	0.23602	0.18369	0.18099	0.20335	0.23897	0.27528	0.3016	0.31223	0.30395	0.27899	0.24346	0.20621	0.17545	0.16037	0.169	0.19815	0.23839	0.27942	0.31182	0.32796	0.32322	0.29694	0.23856	0.19068	0.14297	0.10577	0.088315	0.094186	0.12453	0.17339	0.23154	0.30407	0.35203	0.37925	0.38211	0.36117	0.32086	0.26868	0.21414	0.16899	0.13931	0.12243	0.14234	0.17647	0.21486	0.24984	0.27277	0.28087	0.27044	0.24279	0.2038	0.16328	0.14307	0.12543	0.13138	0.16315	0.21939	0.29897	0.40064	0.52246	0.66128	0.81257	0.97047	1	1	1	1	1	1	1
0.62738	0.49212	0.38815	0.32119	0.26067	0.25055	0.25541	0.27759	0.29822	0.30768	0.30074	0.27813	0.24292	0.20236	0.16579	0.14242	0.1398	0.16271	0.2033	0.25183	0.29719	0.32993	0.34314	0.33351	0.30188	0.25333	0.18203	0.13473	0.10176	0.091574	0.1031	0.13812	0.18756	0.24182	0.30166	0.34148	0.36055	0.35679	0.33231	0.2927	0.24595	0.20129	0.16823	0.15545	0.16586	0.19106	0.20718	0.24335	0.2706	0.28229	0.27532	0.25353	0.21804	0.17587	0.13629	0.10906	0.10289	0.1342	0.1824	0.25397	0.3464	0.45741	0.58454	0.72468	0.87373	1	1	1	1	1	1	1	1
0.71837	0.58974	0.49082	0.4271	0.34866	0.33118	0.33037	0.33591	0.33737	0.32673	0.29831	0.26019	0.21376	0.16752	0.13128	0.1153	0.12184	0.15444	0.20293	0.25664	0.30399	0.33578	0.34604	0.33285	0.29849	0.24917	0.19419	0.1306	0.10474	0.10379	0.12056	0.15876	0.20658	0.25439	0.29383	0.32018	0.32368	0.30636	0.2951	0.25675	0.21679	0.18446	0.16658	0.17183	0.19574	0.22967	0.26508	0.29352	0.30783	0.30358	0.27466	0.24047	0.19705	0.15206	0.11493	0.094997	0.099638	0.13376	0.20335	0.28934	0.39417	0.51449	0.64721	0.78909	0.93638	1	1	1	1	1	1	1	1
0.82416	0.70328	0.61029	0.55035	0.44801	0.42279	0.41022	0.40077	0.38512	0.35653	0.31275	0.25434	0.19678	0.14454	0.1078	0.096042	0.10888	0.14707	0.19921	0.2543	0.30058	0.32948	0.33619	0.32022	0.28523	0.23833	0.18905	0.14851	0.11359	0.11889	0.14558	0.18522	0.23024	0.27032	0.29775	0.3104	0.30266	0.27677	0.23862	0.19677	0.18362	0.16304	0.16308	0.18537	0.22229	0.26435	0.30241	0.32816	0.33541	0.32119	0.27426	0.23066	0.18086	0.13434	0.10052	0.088125	0.10361	0.15068	0.2266	0.32723	0.44321	0.57208	0.71006	0.85369	0.99942	1	1	1	1	1	1	1	1
0.94144	0.82922	0.74283	0.68713	0.55487	0.52199	0.49792	0.47411	0.44248	0.3976	0.33845	0.26916	0.19589	0.13803	0.1004	0.08968	0.10474	0.14415	0.19566	0.24755	0.28928	0.31285	0.31486	0.2963	0.2621	0.22008	0.17967	0.15124	0.14379	0.15957	0.17376	0.21551	0.25665	0.28826	0.30376	0.30098	0.28141	0.24699	0.20549	0.16476	0.13496	0.12539	0.15846	0.19486	0.24292	0.29181	0.33189	0.35522	0.35665	0.33474	0.29224	0.22274	0.1689	0.1229	0.09382	0.08976	0.11595	0.17453	0.26121	0.37015	0.49532	0.63126	0.77354	0.91838	1	1	1	1	1	1	1	1	1
1	0.96375	0.88449	0.83335	0.66572	0.6257	0.59103	0.55422	0.50848	0.44969	0.37798	0.29823	0.21961	0.15176	0.11912	0.099391	0.11298	0.14933	0.19571	0.24004	0.27357	0.28917	0.28494	0.26344	0.23075	0.19519	0.16585	0.15249	0.16253	0.1901	0.22787	0.26701	0.29912	0.31707	0.31643	0.29382	0.26179	0.21927	0.17386	0.13508	0.11232	0.11324	0.13403	0.20038	0.25675	0.31026	0.35102	0.37164	0.3682	0.34076	0.29352	0.21361	0.16017	0.11732	0.094897	0.099835	0.13715	0.20599	0.30169	0.41807	0.55268	0.69356	0.83855	0.98354	1	1	1	1	1	1	1	1	1
1	1	1	0.98487	0.77749	0.73131	0.68748	0.63962	0.58224	0.51246	0.43138	0.34447	0.26099	0.19244	0.15	0.12753	0.13639	0.16583	0.20313	0.23578	0.25774	0.26277	0.25066	0.22547	0.19436	0.16597	0.14885	0.15255	0.17817	0.21787	0.26237	0.30264	0.33052	0.33991	0.32792	0.29565	0.24515	0.19566	0.14815	0.11218	0.098562	0.10477	0.13605	0.18451	0.26436	0.31947	0.35884	0.37591	0.36806	0.33685	0.2878	0.22958	0.15332	0.11658	0.10341	0.1187	0.16684	0.24497	0.34819	0.47021	0.604	0.76054	0.90615	1	1	1	1	1	1	1	1	1	1
1	1	1	1	0.88772	0.83669	0.78554	0.72901	0.66284	0.58529	0.49823	0.40748	0.32215	0.27432	0.20582	0.17508	0.1766	0.19603	0.22104	0.24044	0.24631	0.23861	0.21711	0.18735	0.1577	0.13615	0.13131	0.15131	0.19027	0.2399	0.28982	0.3306	0.35452	0.35664	0.33562	0.29416	0.23902	0.17647	0.129	0.097339	0.090287	0.10483	0.14274	0.1944	0.24935	0.3207	0.35602	0.36811	0.35575	0.32201	0.27351	0.21947	0.17047	0.11932	0.11694	0.14488	0.20385	0.29063	0.40021	0.52632	0.66211	0.83336	0.97718	1	1	1	1	1	1	1	1	1	1
1	1	1	1	0.99443	0.94012	0.88376	0.82118	0.74925	0.66718	0.57745	0.486	0.40157	0.35736	0.27993	0.24842	0.24073	0.24693	0.25168	0.25527	0.24357	0.2217	0.18978	0.15466	0.12519	0.11027	0.11744	0.14919	0.19838	0.25509	0.30825	0.34825	0.36806	0.36401	0.33628	0.28904	0.23001	0.16107	0.11642	0.091139	0.092525	0.11314	0.15528	0.2071	0.2587	0.31643	0.34469	0.34993	0.33247	0.29679	0.2505	0.20308	0.16456	0.14483	0.15121	0.17643	0.24641	0.3415	0.45661	0.58565	0.72205	0.85942	1	1	1	1	1	1	1	1	1	1	1
1	1	1	1	1	1	0.98089	0.91491	0.84017	0.75669	0.66733	0.57795	0.5476	0.46073	0.3698	0.33309	0.31618	0.30967	0.30327	0.28836	0.26041	0.21683	0.17386	0.13284	0.10316	0.093538	0.1083	0.14831	0.2038	0.26387	0.31732	0.35462	0.36965	0.36011	0.32772	0.27791	0.21916	0.16224	0.10989	0.09406	0.10022	0.12983	0.17434	0.22386	0.26876	0.30127	0.32814	0.32447	0.30093	0.26335	0.22017	0.18093	0.15486	0.15153	0.17419	0.22281	0.2971	0.39572	0.51585	0.64697	0.78296	0.91794	1	1	1	1	1	1	1	1	1	1	1
1	1	1	1	1	1	1	1	0.93407	0.85192	0.91016	0.77457	0.66287	0.58115	0.47151	0.42946	0.4032	0.38405	0.3628	0.33214	0.2888	0.22743	0.17389	0.12697	0.096462	0.090836	0.10779	0.15156	0.20891	0.26802	0.31824	0.35037	0.35943	0.34463	0.30913	0.25948	0.20461	0.15492	0.12071	0.10319	0.11864	0.15428	0.199	0.24482	0.2815	0.30483	0.30837	0.29085	0.25622	0.21232	0.18545	0.15512	0.14263	0.15622	0.19553	0.25897	0.34505	0.45195	0.57716	0.71703	0.86672	1	1	1	1	1	1	1	1	1	1	1	1
1	1	1	1	1	1	1	1	1	1	1	0.89462	0.79083	0.71487	0.58117	0.53402	0.49882	0.46778	0.43292	0.38824	0.33172	0.26632	0.19293	0.14081	0.10928	0.10007	0.11898	0.1621	0.21677	0.27031	0.31352	0.33769	0.33924	0.31889	0.28127	0.23381	0.18564	0.14652	0.12552	0.12975	0.15494	0.18199	0.22747	0.26834	0.29603	0.30493	0.29593	0.26853	0.22753	0.1828	0.14231	0.12089	0.13	0.15961	0.2151	0.29341	0.3917	0.50729	0.63722	0.77795	0.92519	1	1	1	1	1	1	1	1	1	1	1	1
1	1	1	1	1	1	1	1	1	1	1	1	0.92768	0.85792	0.69517	0.64354	0.60035	0.5588	0.51219	0.45586	0.38891	0.31509	0.2425	0.17689	0.14453	0.12846	0.1445	0.18284	0.23052	0.27408	0.30659	0.32002	0.3123	0.2858	0.24644	0.20245	0.16289	0.13664	0.13225	0.15302	0.18688	0.22969	0.27107	0.30246	0.31709	0.31139	0.2842	0.24763	0.20112	0.15438	0.11796	0.10327	0.11231	0.16401	0.23444	0.32682	0.43704	0.56141	0.69646	0.83863	0.98398	1	1	1	1	1	1	1	1	1	1	1	1
1	1	1	1	1	1	1	1	1	1	1	1	1	1	0.81037	0.7552	0.70539	0.65522	0.59922	0.53401	0.4597	0.38059	0.30483	0.24307	0.20341	0.17579	0.186	0.21601	0.25301	0.28472	0.30139	0.30158	0.28296	0.2495	0.20837	0.16838	0.13941	0.12642	0.13957	0.17259	0.2176	0.26497	0.3055	0.33123	0.33661	0.31965	0.27574	0.22982	0.17884	0.1323	0.10053	0.093161	0.11448	0.16874	0.25637	0.36124	0.48228	0.61483	0.75482	0.89853	1	1	1	1	1	1	1	1	1	1	1	1	1
1	1	1	1	1	1	1	1	1	1	1	1	1	1	0.9241	0.8666	0.81189	0.75529	0.69257	0.62146	0.54291	0.46157	0.38541	0.32445	0.29827	0.24171	0.24385	0.26284	0.28637	0.30287	0.30185	0.28696	0.25619	0.21505	0.17228	0.1359	0.11564	0.11788	0.14554	0.19043	0.24338	0.29404	0.33325	0.35379	0.35146	0.32581	0.28056	0.21515	0.16193	0.11746	0.091536	0.092374	0.125	0.19027	0.28375	0.39952	0.52953	0.66891	0.813	0.95782	1	1	1	1	1	1	1	1	1	1	1	1	1
1	1	1	1	1	1	1	1	1	1	1	1	1	1	1	0.97577	0.91805	0.85739	0.79067	0.71662	0.63681	0.55604	0.4819	0.45056	0.40314	0.33431	0.32643	0.3311	0.33734	0.33168	0.31153	0.28063	0.23712	0.18791	0.14217	0.10945	0.097996	0.11246	0.15099	0.20436	0.26247	0.3144	0.35123	0.36672	0.35807	0.32636	0.27657	0.21733	0.14997	0.11008	0.092804	0.10192	0.14511	0.21999	0.32182	0.44476	0.58126	0.72547	0.87217	1	1	1	1	1	1	1	1	1	1	1	1	1	1
1	1	1	1	1	1	1	1	1	1	1	1	1	1	1	1	1	0.95991	0.89183	0.81757	0.73915	0.66133	0.64987	0.57025	0.46572	0.43098	0.41402	0.40605	0.39702	0.3781	0.34389	0.28664	0.23034	0.17302	0.12453	0.094518	0.09061	0.11175	0.15713	0.21498	0.27464	0.32505	0.35786	0.36796	0.35406	0.31868	0.26784	0.21044	0.15743	0.10962	0.10109	0.12182	0.17517	0.25851	0.367	0.49412	0.63976	0.78628	0.93359	1	1	1	1	1	1	1	1	1	1	1	1	1	1
1	1	1	1	1	1	1	1	1	1	1	1	1	1	1	1	1	1	0.99416	0.92206	0.84723	0.87987	0.77749	0.70341	0.57525	0.53565	0.50977	0.48956	0.4661	0.43182	0.38262	0.30758	0.2397	0.17497	0.12375	0.10091	0.092708	0.11847	0.16618	0.22403	0.28098	0.32658	0.3532	0.35712	0.33857	0.30143	0.25254	0.20085	0.15677	0.12901	0.11812	0.15111	0.21453	0.30552	0.41928	0.54942	0.70672	0.85273	0.9983	1	1	1	1	1	1	1	1	1	1	1	1	1	1
1	1	1	1	1	1	1	1	1	1	1	1	1	1	1	1	1	1	1	1	1	1	0.91418	0.8461	0.689	0.64494	0.6108	0.57941	0.54303	0.49543	0.43374	0.3597	0.26762	0.19687	0.1434	0.12249	0.11008	0.1353	0.18075	0.23396	0.28371	0.32094	0.33892	0.33546	0.31237	0.27478	0.23016	0.18723	0.15566	0.14266	0.15488	0.18806	0.26166	0.35982	0.47779	0.60953	0.74827	0.92545	1	1	1	1	1	1	1	1	1	1	1	1	1	1	1
1	1	1	1	1	1	1	1	1	1	1	1	1	1	1	1	1	1	1	1	1	1	1	0.99428	0.95955	0.75587	0.71459	0.6736	0.62641	0.56805	0.49681	0.41519	0.33009	0.24051	0.18567	0.16723	0.14366	0.1645	0.20334	0.24759	0.2858	0.31119	0.31802	0.30579	0.27786	0.24052	0.20166	0.16958	0.15266	0.15767	0.18628	0.23926	0.31716	0.41955	0.54434	0.68745	0.8429	1	1	1	1	1	1	1	1	1	1	1	1	1	1	1	1
1	1	1	1	1	1	1	1	1	1	1	1	1	1	1	1	1	1	1	1	1	1	1	1	1	0.86597	0.81903	0.77043	0.71488	0.64865	0.571	0.48504	0.39774	0.31895	0.27469	0.20757	0.19426	0.20745	0.236	0.26758	0.29056	0.30111	0.29457	0.27219	0.23887	0.20193	0.16952	0.14946	0.14906	0.17234	0.21803	0.2854	0.37392	0.48261	0.6094	0.7507	0.90139	1	1	1	1	1	1	1	1	1	1	1	1	1	1	1	1
1	1	1	1	1	1	1	1	1	1	1	1	1	1	1	1	1	1	1	1	1	1	1	1	1	0.97325	0.92236	0.86837	0.80712	0.73598	0.65505	0.56782	0.48114	0.44477	0.36737	0.28139	0.26144	0.26454	0.28	0.29619	0.30328	0.29473	0.2732	0.2396	0.20031	0.16389	0.13763	0.12928	0.14564	0.18657	0.24918	0.33123	0.43098	0.54677	0.67637	0.81657	0.96299	1	1	1	1	1	1	1	1	1	1	1	1	1	1	1	1
1	1	1	1	1	1	1	1	1	1	1	1	1	1	1	1	1	1	1	1	1	1	1	1	1	1	1	0.966	0.90169	0.82851	0.7472	0.66146	0.65734	0.55077	0.47736	0.38475	0.35708	0.34701	0.33571	0.33492	0.32399	0.29596	0.25864	0.2133	0.16766	0.13057	0.11035	0.11335	0.14469	0.20181	0.28032	0.37651	0.48741	0.61057	0.74349	0.88314	1	1	1	1	1	1	1	1	1	1	1	1	1	1	1	1	1
1	1	1	1	1	1	1	1	1	1	1	1	1	1	1	1	1	1	1	1	1	1	1	1	1	1	1	1	0.99709	0.92445	0.84527	0.89729	0.77193	0.67206	0.60323	0.48619	0.45166	0.43051	0.41402	0.3933	0.36159	0.31621	0.25557	0.1984	0.14623	0.1084	0.094459	0.10569	0.14964	0.22075	0.31333	0.42229	0.54351	0.67367	0.80988	0.94923	1	1	1	1	1	1	1	1	1	1	1	1	1	1	1	1	1
1	1	1	1	1	1	1	1	1	1	1	1	1	1	1	1	1	1	1	1	1	1	1	1	1	1	1	1	1	1	1	1	0.89742	0.80495	0.74118	0.59377	0.55251	0.52065	0.49035	0.45392	0.40594	0.34501	0.26701	0.19915	0.14094	0.10206	0.091702	0.11067	0.16449	0.24681	0.3509	0.47052	0.60045	0.73656	0.87551	1	1	1	1	1	1	1	1	1	1	1	1	1	1	1	1	1	1
1	1	1	1	1	1	1	1	1	1	1	1	1	1	1	1	1	1	1	1	1	1	1	1	1	1	1	1	1	1	1	1	1	0.94556	0.88719	0.70413	0.65672	0.61509	0.5724	0.5222	0.46039	0.38676	0.3057	0.21857	0.15539	0.11552	0.10809	0.13237	0.19312	0.28352	0.39607	0.52359	0.65997	0.80033	0.94088	1	1	1	1	1	1	1	1	1	1	1	1	1	1	1	1	1	1
1	1	1	1	1	1	1	1	1	1	1	1	1	1	1	1	1	1	1	1	1	1	1	1	1	1	1	1	1	1	1	1	1	1	1	0.81445	0.76185	0.71191	0.6588	0.59734	0.52467	0.44159	0.35314	0.26814	0.19191	0.16148	0.14657	0.17391	0.23868	0.33388	0.4515	0.58376	0.72383	0.86622	1	1	1	1	1	1	1	1	1	1	1	1	1	1	1	1	1	1	1
1	1	1	1	1	1	1	1	1	1	1	1	1	1	1	1	1	1	1	1	1	1	1	1	1	1	1	1	1	1	1	1	1	1	1	0.92248	0.86598	0.80954	0.7484	0.67855	0.59824	0.50914	0.41668	0.32962	0.28026	0.22224	0.2085	0.23696	0.30306	0.39983	0.5191	0.65274	0.79345	0.93531	1	1	1	1	1	1	1	1	1	1	1	1	1	1	1	1	1	1	1
1	1	1	1	1	1	1	1	1	1	1	1	1	1	1	1	1	1	1	1	1	1	1	1	1	1	1	1	1	1	1	1	1	1	1	1	0.96757	0.90672	0.84012	0.76488	0.68023	0.58844	0.49517	0.40886	0.36266	0.30734	0.29352	0.32148	0.38655	0.48193	0.59958	0.73128	0.86953	1	1	1	1	1	1	1	1	1	1	1	1	1	1	1	1	1	1	1	1
1	1	1	1	1	1	1	1	1	1	1	1	1	1	1	1	1	1	1	1	1	1	1	1	1	1	1	1	1	1	1	1	1	1	1	1	1	1	0.93289	0.85521	0.76931	0.67791	0.58663	0.55429	0.46506	0.41237	0.39919	0.4263	0.49213	0.57923	0.69234	0.81906	0.95194	1	1	1	1	1	1	1	1	1	1	1	1	1	1	1	1	1	1	1	1
1	1	1	1	1	1	1	1	1	1	1	1	1	1	1	1	1	1	1	1	1	1	1	1	1	1	1	1	1	1	1	1	1	1	1	1	1	1	1	0.94812	0.86372	0.91889	0.78183	0.66822	0.58424	0.53462	0.52219	0.54767	0.6096	0.70445	0.82694	0.97047	1	1	1	1	1	1	1	1	1	1	1	1	1	1	1	1	1	1	1	1	1
1	1	1	1	1	1	1	1	1	1	1	1	1	1	1	1	1	1	1	1	1	1	1	1	1	1	1	1	1	1	1	1	1	1	1	1	1	1	1	1	1	1	0.90029	0.79466	0.71654	0.67036	0.65877	0.68244	0.74001	0.82818	0.94199	1	1	1	1	1	1	1	1	1	1	1	1	1	1	1	1	1	1	1	1	1	1
1	1	1	1	1	1	1	1	1	1	1	1	1	1	1	1	1	1	1	1	1	1	1	1	1	1	1	1	1	1	1	1	1	1	1	1	1	1	1	1	1	1	1	0.92989	0.85809	0.81562	0.80494	0.82667	0.87954	0.96049	1	1	1	1	1	1	1	1	1	1	1	1	1	1	1	1	1	1	1	1	1	1	1
1	1	1	1	1	1	1	1	1	1	1	1	1	1	1	1	1	1	1	1	1	1	1	1	1	1	1	1	1	1	1	1	1	1	1	1	1	1	1	1	1	1	1	1	1	0.96636	0.95662	0.97632	1	1	1	1	1	1	1	1	1	1	1	1	1	1	1	1	1	1	1	1	1	1	1	1	1
1	1	1	1	1	1	1	1	1	1	1	1	1	1	1	1	1	1	1	1	1	1	1	1	1	1	1	1	1	1	1	1	1	1	1	1	1	1	1	1	1	1	1	1	1	1	1	1	1	1	1	1	1	1	1	1	1	1	1	1	1	1	1	1	1	1	1	1	1	1	1	1	1
1	1	1	1	1	1	1	1	1	1	1	1	1	1	1	1	1	1	1	1	1	1	1	1	1	1	1	1	1	1	1	1	1	1	1	1	1	1	1	1	1	1	1	1	1	1	1	1	1	1	1	1	1	1	1	1	1	1	1	1	1	1	1	1	1	1	1	1	1	1	1	1	1
1	1	1	1	1	1	1	1	1	1	1	1	1	1	1	1	1	1	1	1	1	1	1	1	1	1	1	1	1	1	1	1	1	1	1	1	1	1	1	1	1	1	1	1	1	1	1	1	1	1	1	1	1	1	1	1	1	1	1	1	1	1	1	1	1	1	1	1	1	1	1	1	1
1	1	1	1	1	1	1	1	1	1	1	1	1	1	1	1	1	1	1	1	1	1	1	1	1	1	1	1	1	1	1	1	1	1	1	1	1	1	1	1	1	1	1	1	1	1	1	1	1	1	1	1	1	1	1	1	1	1	1	1	1	1	1	1	1	1	1	1	1	1	1	1	1
1	1	1	1	1	1	1	1	1	1	1	1	1	1	1	1	1	1	1	1	1	1	1	1	1	1	1	1	1	1	1	1	1	1	1	1	1	1	1	1	1	1	1	1	1	1	1	1	1	1	1	1	1	1	1	1	1	1	1	1	1	1	1	1	1	1	1	1	1	1	1	1	1
1	1	1	1	1	1	1	1	1	1	1	1	1	1	1	1	1	1	1	1	1	1	1	1	1	1	1	1	1	1	1	1	1	1	1	1	1	1	1	1	1	1	1	1	1	1	1	1	1	1	1	1	1	1	1	1	1	1	1	1	1	1	1	1	1	1	1	1	1	1	1	1	1
1	1	1	1	1	1	1	1	1	1	1	1	1	1	1	1	1	1	1	1	1	1	1	1	1	1	1	1	1	1	1	1	1	1	1	1	1	1	1	1	1	1	1	1	1	1	1	1	1	1	1	1	1	1	1	1	1	1	1	1	1	1	1	1	1	1	1	1	1	1	1	1	1
1	1	1	1	1	1	1	1	1	1	1	1	1	1	1	1	1	1	1	1	1	1	1	1	1	1	1	1	1	1	1	1	1	1	1	1	1	1	1	1	1	1	1	1	1	1	1	1	1	1	1	1	1	1	1	1	1	1	1	1	1	1	1	1	1	1	1	1	1	1	1	1	1
1	1	1	1	1	1	1	1	1	1	1	1	1	1	1	1	1	1	1	1	1	1	1	1	1	1	1	1	1	1	1	1	1	1	1	1	1	1	1	1	1	1	1	1	1	1	1	1	1	1	1	1	1	1	1	1	1	1	1	1	1	1	1	1	1	1	1	1	1	1	1	1	1
1	1	1	1	1	1	1	1	1	1	1	1	1	1	1	1	1	1	1	1	1	1	1	1	1	1	1	1	1	1	1	1	1	1	1	1	1	1	1	1	1	1	1	1	1	1	1	1	1	1	1	1	1	1	1	1	1	1	1	1	1	1	1	1	1	1	1	1	1	1	1	1	1
1	1	1	1	1	1	1	1	1	1	1	1	1	1	1	1	1	1	1	1	1	1	1	1	1	1	1	1	1	1	1	1	1	1	1	1	1	1	1	1	1	1	1	1	1	1	1	1	1	1	1	1	1	1	1	1	1	1	1	1	1	1	1	1	1	1	1	1	1	1	1	1	1
1	1	1	1	1	1	1	1	1	1	1	1	1	1	1	1	1	1	1	1	1	1	1	1	1	1	1	1	1	1	1	1	1	1	1	1	1	1	1	1	1	1	1	1	1	1	1	1	1	1	1	1	1	1	1	1	1	1	1	1	1	1	1	1	1	1	1	1	1	1	1	1	1
1	1	1	1	1	1	1	1	1	1	1	1	1	1	1	1	1	1	1	1	1	1	1	1	1	1	1	1	1	1	1	1	1	1	1	1	1	1	1	1	1	1	1	1	1	1	1	1	1	1	1	1	1	1	1	1	1	1	1	1	1	1	1	1	1	1	1	1	1	1	1	1	1
1	1	1	1	1	1	1	1	1	1	1	1	1	1	1	1	1	1	1	1	1	1	1	1	1	1	1	1	1	1	1	1	1	1	1	1	1	1	1	1	1	1	1	1	1	1	1	1	1	1	1	1	1	1	1	1	1	1	1	1	1	1	1	1	1	1	1	1	1	1	1	1	1
1	1	1	1	1	1	1	1	1	1	1	1	1	1	1	1	1	1	1	1	1	1	1	1	1	1	1	1	1	1	1	1	1	1	1	1	1	1	1	1	1	1	1	1	1	1	1	1	1	1	1	1	1	1	1	1	1	1	1	1	1	1	1	1	1	1	1	1	1	1	1	1	1
1	1	1	1	1	1	1	1	1	1	1	1	1	1	1	1	1	1	1	1	1	1	1	1	1	1	1	1	1	1	1	1	1	1	1	1	1	1	1	1	1	1	1	1	1	1	1	1	1	1	1	1	1	1	1	1	1	1	1	1	1	1	1	1	1	1	1	1	1	1	1	1	1
