-1	1	1	1	1	1	1	1	1	1	1	1	1	1	1	1	1	1	1	1	1	1	1	1	1	1	1	1	1	1	1	1	1	1	1	1	1	1	1	1	1	1	1	1	1	1	1	1	1	1	1	1	1	1	1	1	1	1	1	1	1	1	1	1	1	1	1	1	1	1	1	1	1
1	1	1	1	1	1	1	1	1	1	1	1	1	1	1	1	1	1	1	0.98466	0.92241	0.88704	0.88085	0.90453	0.95703	1	1	1	1	1	1	1	1	1	1	1	1	1	1	1	1	1	1	1	1	1	1	1	1	1	1	1	1	1	1	1	1	1	1	1	1	1	1	1	1	1	1	1	1	1	1	1	1
1	1	1	1	1	1	1	1	1	1	1	1	1	1	1	1	1	1	0.93685	0.84331	0.77527	0.73672	0.73012	0.75623	0.81387	0.90006	1	1	1	1	1	1	1	1	1	1	1	1	1	1	1	1	1	1	1	1	1	1	1	1	1	1	1	1	1	1	1	1	1	1	1	1	1	1	1	1	1	1	1	1	1	1	1
1	1	1	1	1	1	1	1	1	1	1	1	1	1	1	1	1	0.93201	0.80868	0.70765	0.63437	0.59305	0.5863	0.61487	0.6775	0.77099	0.89036	1	1	1	1	1	1	1	1	1	1	1	1	1	1	1	1	1	1	1	1	1	1	1	1	1	1	1	1	1	1	1	1	1	1	1	1	1	1	1	1	1	1	1	1	1	1
1	1	1	1	1	1	1	1	1	1	1	1	1	1	1	1	0.97012	0.8208	0.68897	0.58129	0.50348	0.45993	0.45332	0.48437	0.55174	0.65201	0.77995	0.92883	1	1	1	1	1	1	1	1	1	1	1	1	1	1	1	1	1	1	1	1	1	1	1	1	1	1	1	1	1	1	1	1	1	1	1	1	1	1	1	1	1	1	1	1	1
1	1	1	1	1	1	1	1	1	1	1	1	1	1	1	1	0.87829	0.72018	0.58099	0.46767	0.38617	0.34099	0.33484	0.3684	0.44018	0.5466	0.68216	0.83984	1	1	1	1	1	1	1	1	1	1	1	1	1	1	1	1	1	1	1	1	1	1	1	1	1	1	1	1	1	1	1	1	1	1	1	1	1	1	1	1	1	1	1	1	1
1	1	1	1	1	1	1	1	1	1	1	1	1	1	1	0.89498	0.74973	0.60828	0.47811	0.36756	0.28563	0.23953	0.23418	0.27021	0.34602	0.45782	0.5999	0.76501	0.94489	1	1	1	1	1	1	1	1	1	1	1	1	1	1	1	1	1	1	1	1	1	1	1	1	1	1	1	1	1	1	1	1	1	1	1	1	1	1	1	1	1	1	1	1
1	1	1	1	1	1	1	1	1	1	1	1	1	1	0.97075	0.82382	0.67541	0.53155	0.39956	0.28771	0.20439	0.15708	0.15131	0.19253	0.27188	0.38819	0.53556	0.70656	0.89274	1	1	1	1	1	1	1	1	1	1	1	1	1	1	1	1	1	1	1	1	1	1	1	1	1	1	1	1	1	1	1	1	1	1	1	1	1	1	1	1	1	1	1	1
1	1	1	1	1	1	1	1	1	1	1	1	1	1	0.90722	0.75881	0.61022	0.46716	0.33661	0.22648	0.14494	0.099394	0.095322	0.13526	0.21981	0.33965	0.49096	0.66619	0.85678	1	1	1	1	1	1	1	1	1	1	1	1	1	1	1	1	1	1	1	1	1	1	1	1	1	1	1	1	1	1	1	1	1	1	1	1	1	1	1	1	1	1	1	1
1	1	1	1	1	1	1	1	1	1	1	1	1	0.99152	0.84673	0.69927	0.55339	0.41436	0.28859	0.1834	0.10643	0.064751	0.063736	0.10601	0.19072	0.31347	0.46729	0.64499	0.838	1	1	1	1	1	1	1	1	1	1	1	1	1	1	1	1	1	1	1	1	1	1	1	1	1	1	1	1	1	1	1	1	1	1	1	1	1	1	1	1	1	1	1	1
1	1	1	1	1	1	1	1	1	1	1	1	1	0.93246	0.78817	0.64375	0.50317	0.37118	0.25341	0.15635	0.086847	0.051377	0.054978	0.10023	0.18651	0.30964	0.46508	0.64345	0.83684	1	1	1	1	1	1	1	1	1	1	1	1	1	1	1	1	1	1	1	1	1	1	1	1	1	1	1	1	1	1	1	1	1	1	1	1	1	1	1	1	1	1	1	1
1	1	1	1	1	1	1	1	1	1	1	1	1	0.87288	0.73015	0.59032	0.45713	0.33472	0.22783	0.14189	0.082711	0.0559	0.06593	0.11518	0.20316	0.32614	0.4776	0.66142	0.85317	1	1	1	1	1	1	1	1	1	1	1	1	1	1	1	1	1	1	1	1	1	1	1	1	1	1	1	1	1	1	1	1	1	1	1	1	1	1	1	1	1	1	1	1
1	1	1	1	1	1	1	1	1	1	1	1	0.95522	0.812	0.67132	0.53701	0.41264	0.30172	0.20804	0.1358	0.089568	0.073826	0.092254	0.14684	0.23713	0.35977	0.50861	0.69819	0.88631	1	1	1	1	1	1	1	1	1	1	1	1	1	1	1	1	1	1	1	1	1	1	1	1	1	1	1	1	1	1	1	1	1	1	1	1	1	1	1	1	1	1	1	1
1	1	1	1	1	1	1	1	1	1	1	1	0.89417	0.74948	0.61078	0.48225	0.36737	0.26913	0.19029	0.13375	0.10267	0.1002	0.12901	0.19049	0.25488	0.35064	0.46203	0.58038	0.70635	0.83242	0.95506	1	1	1	1	1	1	1	1	1	1	1	1	1	1	1	1	1	1	1	1	1	1	1	1	1	1	1	1	1	1	1	1	1	1	1	1	1	1	1	1	1	1
1	1	1	1	1	1	1	1	1	1	1	0.9831	0.83248	0.68572	0.54844	0.42533	0.31991	0.23471	0.17154	0.132	0.1177	0.13033	0.16624	0.22264	0.29674	0.38577	0.4841	0.59202	0.70507	0.82002	0.93389	1	1	1	1	1	1	1	1	1	1	1	1	1	1	1	1	1	1	1	1	1	1	1	1	1	1	1	1	1	1	1	1	1	1	1	1	1	1	1	1	1	1
1	1	1	1	1	1	1	1	1	1	1	0.93332	0.77163	0.62203	0.4853	0.36674	0.27009	0.19755	0.1501	0.12804	0.13145	0.15895	0.20449	0.26447	0.33615	0.41758	0.50373	0.59814	0.69768	0.80084	0.90569	1	1	1	1	1	1	1	1	1	0.99626	0.9383	0.9078	0.90655	0.93462	0.99036	1	1	1	1	1	1	1	1	1	1	1	1	1	1	1	1	1	1	1	1	1	1	1	1	1	1	1
1	1	1	1	1	1	1	1	1	1	1	0.88117	0.69705	0.55588	0.42339	0.30835	0.2193	0.15839	0.12593	0.12104	0.14219	0.18314	0.23709	0.29964	0.36797	0.44095	0.51398	0.59441	0.68031	0.77188	0.86812	0.96753	1	1	1	1	1	1	1	0.94427	0.85384	0.79001	0.75645	0.75511	0.78606	0.8475	0.93588	1	1	1	1	1	1	1	1	1	1	1	1	1	1	1	1	1	1	1	1	1	1	1	1	1	1
1	1	1	1	1	1	1	1	1	1	0.95734	0.78369	0.63799	0.49576	0.36507	0.25293	0.16574	0.10825	0.10081	0.11191	0.14852	0.20064	0.26111	0.32459	0.38829	0.44831	0.51116	0.57757	0.65021	0.73098	0.81963	0.91516	1	1	0.99635	0.96699	0.92319	1	0.93698	0.81502	0.7166	0.64718	0.6107	0.60927	0.64297	0.70984	0.80607	0.92632	1	1	1	1	1	1	1	1	1	1	1	1	1	1	1	1	1	1	1	1	1	1	1	1	1
1	1	1	1	1	1	1	1	1	1	0.89185	0.74043	0.58174	0.44049	0.3126	0.20568	0.12636	0.079324	0.066886	0.10314	0.15079	0.21103	0.27527	0.33745	0.39493	0.44344	0.4931	0.5458	0.60601	0.67718	0.75973	0.85303	0.90996	0.92051	0.91381	0.88587	0.83619	0.97508	0.82544	0.69422	0.5884	0.51379	0.47461	0.4731	0.50934	0.58125	0.68476	0.81415	0.79915	0.88697	0.9677	1	1	1	1	1	1	1	1	1	1	1	1	1	1	1	1	1	1	1	1	1	1
1	1	1	1	1	1	1	1	1	0.98047	0.83139	0.68009	0.52979	0.39101	0.26746	0.16685	0.095707	0.058712	0.057903	0.096156	0.15087	0.21539	0.28	0.33816	0.38454	0.42326	0.45951	0.49902	0.54794	0.61097	0.68921	0.98252	0.81624	0.83473	0.83382	0.80866	0.75841	0.68661	0.72495	0.58546	0.47302	0.39377	0.35216	0.35058	0.38909	0.46551	0.57552	0.60978	0.70444	0.79439	0.87567	0.9474	1	1	1	1	1	1	1	1	1	1	1	1	1	1	1	1	1	1	1	1	1
1	1	1	1	1	1	1	1	1	0.92349	0.77489	0.62624	0.48218	0.34788	0.23049	0.13754	0.075392	0.048391	0.058338	0.094316	0.15164	0.2161	0.27617	0.32584	0.36274	0.38963	0.41286	0.43898	0.4779	0.53439	0.61497	0.8505	0.72473	0.75234	0.75852	0.7354	0.68678	0.61455	0.60945	0.48044	0.37112	0.29015	0.2471	0.24545	0.2859	0.36616	0.4252	0.52049	0.61633	0.70559	0.78462	0.85321	0.9139	0.97072	1	1	1	1	1	1	1	1	1	1	1	1	1	1	1	1	1	1	1
1	1	1	1	1	1	1	1	1	0.86735	0.72073	0.57676	0.43969	0.3144	0.20134	0.11776	0.065701	0.0491	0.06938	0.10113	0.15643	0.21589	0.26855	0.30761	0.33166	0.34454	0.35404	0.36973	0.39941	0.453	0.62398	0.72579	0.63802	0.67214	0.68544	0.66977	0.62365	0.55121	0.45887	0.40136	0.29012	0.20751	0.16141	0.15759	0.203	0.26084	0.34742	0.44277	0.5367	0.62208	0.69572	0.75835	0.81361	0.86664	1	1	1	1	1	1	1	1	1	1	1	1	1	1	1	1	1	1	1
1	1	1	1	1	1	1	1	0.95655	0.81083	0.66705	0.52912	0.40096	0.28669	0.19085	0.10639	0.065826	0.06035	0.0909	0.11974	0.16838	0.21888	0.26017	0.28586	0.29536	0.29364	0.28976	0.29452	0.31782	0.42744	0.50347	0.61205	0.55487	0.6001	0.62104	0.61112	0.56875	0.49806	0.40636	0.3385	0.22849	0.14684	0.10145	0.098264	0.1261	0.2007	0.28609	0.37831	0.46691	0.54497	0.61003	0.66386	0.71137	0.75888	0.96363	1	1	1	1	1	1	1	1	1	1	1	1	1	1	1	1	1	1
1	1	1	1	1	1	1	1	0.89907	0.75297	0.61223	0.48097	0.36283	0.26121	0.17953	0.12149	0.073901	0.080567	0.1136	0.15081	0.19235	0.2282	0.25496	0.26502	0.25875	0.2422	0.22553	0.22046	0.25394	0.31824	0.39834	0.45438	0.48199	0.53521	0.56317	0.55903	0.52213	0.45399	0.36525	0.29111	0.18573	0.10798	0.065488	0.064216	0.092597	0.15163	0.2424	0.32807	0.40779	0.47511	0.52847	0.57088	0.60857	0.64906	0.70241	0.85784	0.931	1	1	1	1	1	1	1	1	1	1	1	1	1	1	1	1
1	1	1	1	1	1	1	0.99113	0.84046	0.69343	0.55532	0.4306	0.32278	0.23461	0.16842	0.12647	0.11113	0.12289	0.15234	0.19001	0.22615	0.2507	0.25865	0.24841	0.22304	0.1898	0.16015	0.14698	0.16167	0.22848	0.28548	0.37128	0.41977	0.47993	0.51138	0.51235	0.47997	0.41677	0.33314	0.25692	0.15959	0.088854	0.051767	0.051316	0.082451	0.13778	0.20705	0.2923	0.35971	0.4131	0.45201	0.48078	0.507	0.53935	0.58538	0.71537	0.7953	0.90137	1	1	1	1	1	1	1	1	1	1	1	1	1	1	1
1	1	1	1	1	1	1	0.93688	0.78165	0.63279	0.49642	0.37747	0.27949	0.20472	0.15448	0.12963	0.13083	0.1558	0.19301	0.23254	0.26516	0.27966	0.27301	0.24684	0.20582	0.15874	0.11771	0.096066	0.1052	0.14199	0.21879	0.30399	0.36629	0.42937	0.46727	0.46943	0.44102	0.38348	0.3067	0.22266	0.14645	0.085816	0.056809	0.061312	0.092837	0.14358	0.2034	0.26213	0.32271	0.35948	0.38176	0.39527	0.40891	0.43245	0.47563	0.58093	0.66718	0.7817	0.91829	0.87969	0.9628	1	1	1	1	1	1	1	1	1	1	1	1
1	1	1	1	1	1	1	0.88486	0.72437	0.57272	0.43689	0.32248	0.23323	0.17106	0.1364	0.12881	0.14745	0.18567	0.23166	0.27459	0.30612	0.31208	0.2916	0.252	0.19825	0.14067	0.091669	0.064232	0.072587	0.10137	0.16134	0.25401	0.32355	0.38593	0.42362	0.43108	0.40274	0.35096	0.28231	0.20833	0.14185	0.094196	0.075934	0.086937	0.11951	0.16539	0.21481	0.25843	0.29666	0.31484	0.31906	0.31642	0.31705	0.33162	0.40165	0.45837	0.55036	0.59588	0.68935	0.78291	0.87043	0.94937	1	1	1	1	1	1	1	1	1	1	1
1	1	1	1	1	1	0.97019	0.79102	0.64876	0.50863	0.37892	0.26687	0.18605	0.13504	0.11486	0.12386	0.15878	0.2106	0.26603	0.31379	0.34365	0.34751	0.31012	0.26023	0.19722	0.13305	0.079981	0.050552	0.052665	0.084451	0.14095	0.21151	0.29152	0.34911	0.38299	0.38868	0.36299	0.31649	0.25664	0.19441	0.14124	0.109	0.10389	0.12284	0.15743	0.19878	0.23776	0.26595	0.27915	0.27492	0.2572	0.23494	0.22009	0.24053	0.29162	0.35141	0.41007	0.50087	0.59795	0.69276	0.77987	0.8572	0.9256	0.98793	1	1	1	1	1	1	1	1	1
1	1	1	1	1	1	0.90056	0.75302	0.59086	0.45193	0.32489	0.21811	0.13818	0.089939	0.092468	0.11658	0.16416	0.22499	0.29096	0.34946	0.38157	0.37247	0.32786	0.26591	0.198	0.13237	0.080021	0.052568	0.05673	0.088653	0.14067	0.20215	0.26999	0.31857	0.34487	0.34575	0.3205	0.2783	0.22737	0.17792	0.14069	0.12568	0.13547	0.16369	0.20146	0.23922	0.26859	0.28217	0.27705	0.25468	0.21988	0.18262	0.15565	0.15168	0.20106	0.26335	0.32602	0.41875	0.51591	0.60891	0.69253	0.76532	0.82911	0.88785	0.94611	1	1	1	1	1	1	1	1
1	1	1	1	1	0.98142	0.83601	0.68777	0.53683	0.39968	0.27683	0.17608	0.10424	0.066192	0.064189	0.10872	0.16495	0.23143	0.29884	0.36089	0.41525	0.3918	0.33197	0.26592	0.19778	0.13521	0.088105	0.067272	0.077153	0.10981	0.15696	0.20836	0.25465	0.29433	0.30946	0.30257	0.27535	0.23612	0.19364	0.15736	0.13758	0.14086	0.16639	0.20491	0.2471	0.28365	0.30405	0.30364	0.28179	0.24334	0.19405	0.14454	0.10856	0.097652	0.12931	0.16876	0.2594	0.35094	0.44494	0.53274	0.60953	0.67473	0.7313	0.78436	0.83949	1	1	1	1	1	1	1	1
1	1	1	1	1	0.92095	0.7758	0.62968	0.48706	0.35359	0.23636	0.14275	0.079487	0.051319	0.060277	0.10318	0.1638	0.23191	0.29726	0.35363	0.38542	0.3719	0.32504	0.25795	0.19334	0.13798	0.10028	0.091338	0.10847	0.14279	0.18542	0.22661	0.25784	0.27693	0.27803	0.26098	0.22909	0.19133	0.15645	0.13307	0.13103	0.15278	0.19307	0.24329	0.29104	0.32739	0.34166	0.32638	0.28993	0.23844	0.17826	0.12085	0.077848	0.063127	0.080871	0.12701	0.19748	0.29876	0.38611	0.46517	0.53178	0.58642	0.63328	0.67875	0.72943	0.91029	0.971	1	1	1	1	1	1
1	1	1	1	1	0.86147	0.71848	0.57698	0.44092	0.31345	0.20393	0.11911	0.065379	0.047241	0.066449	0.1038	0.16421	0.22953	0.28819	0.33367	0.34832	0.33446	0.29285	0.23865	0.18247	0.13774	0.11481	0.11935	0.1451	0.18228	0.22133	0.25316	0.27006	0.26845	0.25198	0.22261	0.18473	0.147	0.11855	0.10745	0.12207	0.16017	0.21257	0.27243	0.33152	0.3694	0.38002	0.346	0.29778	0.23787	0.17058	0.10825	0.063458	0.049142	0.063917	0.1084	0.17353	0.26266	0.33985	0.40672	0.46002	0.5014	0.53642	0.57274	0.61793	0.76399	0.83065	0.92402	1	1	1	1	1
1	1	1	1	0.94254	0.80171	0.66222	0.52725	0.40027	0.28536	0.17897	0.10494	0.062143	0.05459	0.083823	0.11432	0.16956	0.22706	0.27555	0.30851	0.3115	0.29455	0.2553	0.20816	0.16385	0.13334	0.12728	0.14666	0.18216	0.22351	0.26064	0.28461	0.28899	0.27167	0.23652	0.1917	0.14646	0.10756	0.078223	0.070828	0.11317	0.1633	0.22477	0.28934	0.35131	0.40933	0.40425	0.35888	0.30133	0.23506	0.16639	0.1052	0.063088	0.050528	0.06843	0.11094	0.16916	0.23319	0.30608	0.35766	0.39494	0.42089	0.44246	0.46851	0.50752	0.62389	0.69616	0.79746	0.9222	1	1	1	1
1	1	1	1	0.88075	0.74052	0.6052	0.478	0.36189	0.26005	0.17624	0.098924	0.068751	0.07278	0.10036	0.13893	0.18367	0.22962	0.26455	0.28113	0.27568	0.25301	0.21424	0.17307	0.13969	0.12463	0.13579	0.17012	0.21611	0.2629	0.29992	0.31833	0.31285	0.28002	0.23107	0.17383	0.11889	0.088462	0.057479	0.062029	0.10611	0.16425	0.23073	0.29661	0.35538	0.40246	0.41371	0.35813	0.29589	0.22913	0.16372	0.10846	0.073557	0.068751	0.090373	0.13102	0.18146	0.23266	0.2765	0.31814	0.33737	0.3464	0.35353	0.36876	0.4013	0.49389	0.57128	0.67985	0.81364	0.96561	1	1	1
1	1	1	0.96167	0.81718	0.67726	0.54612	0.42712	0.32286	0.23563	0.16791	0.12267	0.10337	0.11145	0.13839	0.17567	0.21341	0.2429	0.2592	0.26043	0.2428	0.2105	0.17209	0.13557	0.11226	0.11226	0.14007	0.18851	0.24523	0.2985	0.33726	0.35279	0.33642	0.28981	0.23111	0.16586	0.1057	0.068932	0.047854	0.062853	0.1041	0.16544	0.2332	0.29611	0.34453	0.38235	0.38256	0.34543	0.28116	0.21761	0.15966	0.11468	0.0924	0.098211	0.12474	0.16408	0.20662	0.24441	0.27058	0.28168	0.27772	0.26512	0.25417	0.27665	0.30285	0.37772	0.45963	0.57461	0.71641	0.87762	1	1	1
1	1	1	0.90067	0.75245	0.61211	0.48457	0.37348	0.2812	0.20926	0.15885	0.13136	0.12852	0.14894	0.18219	0.21939	0.25091	0.26833	0.26718	0.24821	0.2158	0.17447	0.13278	0.099562	0.072474	0.098774	0.14018	0.19847	0.26512	0.33346	0.37227	0.38766	0.35301	0.2981	0.23229	0.16402	0.10323	0.060889	0.049787	0.074624	0.11067	0.1704	0.23117	0.28595	0.3267	0.35292	0.33997	0.3048	0.2551	0.19915	0.15209	0.12176	0.11569	0.13363	0.1663	0.20528	0.24058	0.26534	0.2742	0.26631	0.2438	0.21416	0.18874	0.18011	0.19921	0.27886	0.36454	0.48492	0.63348	0.8025	0.98363	1	1
1	1	1	0.84084	0.6881	0.54636	0.42139	0.31728	0.23635	0.17949	0.14671	0.13784	0.15294	0.18626	0.22707	0.26571	0.29299	0.30028	0.28234	0.24829	0.20004	0.14723	0.10133	0.072155	0.057583	0.087805	0.13771	0.20224	0.27151	0.3381	0.39823	0.41255	0.36173	0.29917	0.23151	0.1648	0.10807	0.063588	0.063049	0.097489	0.12856	0.18027	0.23358	0.27713	0.30472	0.31358	0.29595	0.26103	0.21703	0.1735	0.14021	0.12792	0.13951	0.17038	0.2103	0.25014	0.27953	0.2926	0.28526	0.25971	0.2205	0.17602	0.13831	0.12046	0.13385	0.1937	0.28895	0.41355	0.56743	0.74262	0.93049	1	1
1	1	1	0.78448	0.62655	0.48241	0.35876	0.26029	0.18946	0.14669	0.13098	0.1407	0.17316	0.22029	0.26966	0.31133	0.33685	0.33161	0.3002	0.25394	0.19491	0.13394	0.096915	0.055785	0.051379	0.081605	0.13567	0.20214	0.27015	0.33182	0.38249	0.37719	0.34614	0.29146	0.22568	0.16476	0.11647	0.075006	0.093877	0.11949	0.15943	0.20269	0.24201	0.27096	0.28372	0.27659	0.25174	0.21533	0.17597	0.14285	0.12521	0.13151	0.161	0.20506	0.2531	0.29516	0.32046	0.32394	0.30021	0.25925	0.20624	0.15015	0.10366	0.079112	0.093454	0.1403	0.23141	0.36277	0.52039	0.69993	0.89258	1	1
1	1	0.86623	0.69882	0.55486	0.41967	0.30013	0.20309	0.13392	0.11308	0.1131	0.14039	0.18731	0.24517	0.30825	0.35442	0.38084	0.35966	0.31644	0.26069	0.19486	0.12975	0.081678	0.050125	0.055671	0.097932	0.13763	0.2014	0.26371	0.31639	0.34439	0.34105	0.31225	0.26601	0.21199	0.16111	0.1255	0.11437	0.12875	0.15985	0.19912	0.23522	0.2618	0.27192	0.26525	0.24403	0.20996	0.17047	0.13454	0.11096	0.10857	0.13271	0.17734	0.23393	0.29264	0.33816	0.36148	0.35442	0.31513	0.26174	0.19965	0.13539	0.083129	0.055503	0.064182	0.11237	0.20347	0.33367	0.49388	0.67584	0.87116	1	1
1	0.94687	0.79878	0.64936	0.49802	0.36466	0.24842	0.15785	0.097949	0.071922	0.096263	0.13751	0.19537	0.26049	0.32545	0.38592	0.42454	0.37946	0.32662	0.26365	0.19599	0.13207	0.076407	0.055402	0.070916	0.12263	0.14723	0.20357	0.25602	0.29658	0.31106	0.30287	0.2747	0.23363	0.18942	0.15219	0.13314	0.1384	0.16506	0.20293	0.24289	0.27322	0.28882	0.28351	0.25873	0.21912	0.17434	0.13054	0.09684	0.070554	0.076898	0.13218	0.18869	0.25344	0.31904	0.37849	0.40193	0.37723	0.32623	0.26507	0.19534	0.12829	0.075399	0.049196	0.057365	0.10765	0.19932	0.32803	0.48785	0.67116	0.86697	1	1
1	0.88621	0.73785	0.58949	0.44597	0.31586	0.20545	0.12182	0.071	0.055959	0.076942	0.1341	0.19887	0.26754	0.33167	0.38671	0.3731	0.38567	0.32563	0.26071	0.19533	0.13705	0.079552	0.070398	0.094457	0.1265	0.16883	0.21222	0.25095	0.27494	0.27924	0.26391	0.23376	0.19662	0.16176	0.13845	0.13705	0.1596	0.19891	0.24467	0.28683	0.31335	0.32025	0.29949	0.25989	0.20709	0.14973	0.12363	0.071736	0.055423	0.074669	0.13139	0.19597	0.26539	0.3311	0.38813	0.37677	0.39211	0.33096	0.2626	0.1917	0.12654	0.077574	0.055496	0.069559	0.12311	0.21566	0.34336	0.49924	0.68607	0.88017	1	1
0.97255	0.82842	0.68221	0.53789	0.40047	0.27539	0.17183	0.096621	0.055199	0.050495	0.082571	0.13344	0.2005	0.26843	0.32588	0.37062	0.39207	0.36853	0.31322	0.24933	0.18982	0.14115	0.11209	0.11066	0.13107	0.1643	0.20133	0.23327	0.2532	0.25998	0.25031	0.22544	0.1914	0.15676	0.13038	0.12097	0.13675	0.17488	0.22679	0.28255	0.32841	0.35338	0.35224	0.31572	0.2643	0.20206	0.13785	0.097514	0.055682	0.05011	0.080874	0.13371	0.20149	0.27144	0.33378	0.38311	0.41215	0.38653	0.32344	0.25376	0.18581	0.12696	0.086289	0.074163	0.09625	0.15461	0.24882	0.37553	0.52847	0.70182	0.91035	1	1
0.91478	0.77201	0.62993	0.49218	0.36313	0.2481	0.14817	0.08266	0.051327	0.056851	0.098987	0.13912	0.20364	0.26432	0.31405	0.34742	0.35222	0.32847	0.28266	0.22842	0.17763	0.14187	0.12934	0.14204	0.17098	0.20666	0.23973	0.26151	0.26655	0.25338	0.22662	0.19055	0.15109	0.11758	0.098488	0.10207	0.13339	0.18388	0.24444	0.30803	0.36665	0.39234	0.37588	0.32857	0.26818	0.20048	0.13396	0.082221	0.05066	0.055734	0.096872	0.14098	0.20892	0.2721	0.32674	0.36572	0.37505	0.34955	0.29999	0.23691	0.17543	0.12672	0.09924	0.10026	0.13249	0.1974	0.29448	0.42074	0.57061	0.73643	0.9565	1	1
0.85593	0.71533	0.57871	0.44945	0.33123	0.22834	0.14585	0.079208	0.059081	0.074993	0.12643	0.15386	0.21036	0.26204	0.29958	0.31969	0.31178	0.28529	0.24214	0.19648	0.15858	0.1386	0.14376	0.17119	0.20971	0.24925	0.28022	0.2938	0.28618	0.25626	0.21286	0.16311	0.11748	0.089081	0.063727	0.073165	0.12812	0.18742	0.2535	0.31816	0.37646	0.36823	0.39005	0.3326	0.26748	0.19884	0.1346	0.076548	0.056291	0.072008	0.1231	0.15667	0.2161	0.27236	0.31574	0.34194	0.33738	0.30987	0.26301	0.20934	0.15949	0.12422	0.11331	0.12932	0.17362	0.24684	0.34821	0.47497	0.62218	0.78306	0.95465	1	1
0.79521	0.65695	0.52641	0.40678	0.30109	0.21255	0.14489	0.10232	0.076678	0.10413	0.13838	0.18255	0.22676	0.26427	0.28662	0.28991	0.2721	0.24105	0.19883	0.15971	0.1338	0.13082	0.15373	0.19556	0.24433	0.28906	0.31969	0.32801	0.30633	0.26271	0.20736	0.14818	0.11686	0.066611	0.051365	0.071996	0.12386	0.18785	0.25563	0.31812	0.36822	0.41209	0.38703	0.32625	0.25961	0.19394	0.13627	0.095519	0.070883	0.097829	0.13448	0.18284	0.23193	0.27537	0.3042	0.31346	0.29951	0.26784	0.22246	0.17595	0.13835	0.11918	0.12576	0.15799	0.21584	0.29896	0.40607	0.53449	0.67981	0.83607	1	1	1
0.73243	0.5961	0.47152	0.36186	0.26957	0.19679	0.14583	0.11937	0.12019	0.14373	0.18071	0.22152	0.25577	0.27616	0.2795	0.26562	0.23576	0.19725	0.15479	0.12174	0.10705	0.11966	0.15819	0.21183	0.27313	0.3248	0.35723	0.36509	0.32316	0.27024	0.20618	0.14115	0.095326	0.054566	0.049481	0.080184	0.12433	0.18846	0.2537	0.30905	0.35055	0.37163	0.34807	0.30297	0.24285	0.18345	0.13601	0.109	0.10977	0.13417	0.17324	0.21801	0.25778	0.28513	0.29463	0.2889	0.26404	0.22528	0.18013	0.14	0.11395	0.11144	0.1355	0.18445	0.25676	0.35093	0.46502	0.59624	0.74058	0.89283	1	1	1
0.6683	0.53303	0.41367	0.31353	0.23463	0.17815	0.14499	0.13617	0.15239	0.18591	0.22697	0.26588	0.29168	0.2964	0.28287	0.25102	0.20632	0.15807	0.11528	0.082533	0.069773	0.10845	0.15772	0.21937	0.28451	0.34694	0.39287	0.38483	0.3339	0.27169	0.20448	0.13929	0.086071	0.053342	0.058444	0.099299	0.13324	0.19272	0.25054	0.29675	0.32626	0.33148	0.30678	0.26463	0.21425	0.16643	0.13218	0.12207	0.13791	0.17215	0.21519	0.25747	0.28894	0.30289	0.29563	0.26931	0.23085	0.18534	0.13931	0.098545	0.0739	0.082492	0.1433	0.20864	0.29556	0.40131	0.52319	0.65812	0.80233	0.95125	1	1	1
0.60456	0.4692	0.35387	0.26218	0.19589	0.15538	0.14021	0.14978	0.18157	0.22647	0.27295	0.31133	0.33144	0.31969	0.2911	0.24549	0.18866	0.13214	0.098205	0.060465	0.058896	0.09872	0.15464	0.22038	0.28591	0.34453	0.39081	0.38513	0.3314	0.26615	0.19999	0.13931	0.092832	0.061974	0.077991	0.10943	0.15444	0.20465	0.25141	0.28458	0.30078	0.29227	0.26378	0.22288	0.17921	0.14296	0.12473	0.13219	0.16346	0.20825	0.25634	0.29755	0.32243	0.32575	0.30124	0.25969	0.20631	0.19759	0.11921	0.072619	0.060426	0.082775	0.13745	0.2321	0.33296	0.4501	0.57995	0.71904	0.86371	1	1	1	1
0.54395	0.40734	0.29463	0.20988	0.15481	0.12915	0.13131	0.15883	0.20398	0.25962	0.3159	0.35562	0.37291	0.34141	0.30032	0.24445	0.1806	0.11758	0.077007	0.048964	0.057814	0.094282	0.15228	0.21766	0.28075	0.32844	0.35834	0.34686	0.30812	0.25166	0.19027	0.13822	0.10313	0.094241	0.1114	0.14549	0.1879	0.22859	0.25931	0.2766	0.27564	0.25578	0.22112	0.17978	0.14164	0.11628	0.11386	0.13854	0.18377	0.24014	0.29415	0.33583	0.3563	0.3467	0.30795	0.25423	0.19269	0.1603	0.091427	0.055182	0.054709	0.089514	0.15675	0.25151	0.37095	0.49848	0.63578	0.77891	0.92418	1	1	1	1
0.49004	0.35125	0.23979	0.16029	0.11462	0.10207	0.1201	0.16238	0.21841	0.28028	0.34231	0.39754	0.39497	0.35723	0.30834	0.24534	0.17721	0.11389	0.067153	0.049229	0.068171	0.098994	0.15424	0.21436	0.26803	0.30617	0.32025	0.30689	0.27088	0.22314	0.17392	0.13393	0.11493	0.12138	0.14896	0.18783	0.22878	0.26178	0.2797	0.27798	0.25841	0.22482	0.18221	0.13894	0.10502	0.075385	0.10161	0.14082	0.19675	0.26096	0.3269	0.37143	0.38982	0.36262	0.31351	0.25088	0.18184	0.1312	0.07267	0.04774	0.05853	0.1046	0.18267	0.28732	0.41232	0.54846	0.69195	0.83835	0.98384	1	1	1	1
0.44686	0.3054	0.19408	0.11821	0.079918	0.078323	0.10914	0.16167	0.22518	0.29034	0.35066	0.4035	0.41141	0.36542	0.30761	0.24263	0.17621	0.11734	0.067933	0.061065	0.089894	0.11646	0.16366	0.21396	0.25558	0.28097	0.28314	0.26528	0.23027	0.18888	0.15088	0.1264	0.12522	0.14806	0.18706	0.23196	0.27295	0.30002	0.30703	0.28701	0.25231	0.2039	0.15136	0.12473	0.074866	0.059745	0.09113	0.14018	0.20343	0.27108	0.33571	0.39344	0.41228	0.36805	0.30891	0.24204	0.17335	0.1107	0.063948	0.050753	0.072793	0.12917	0.2165	0.32905	0.45972	0.60237	0.75013	0.89839	1	1	1	1	1
0.41846	0.27443	0.16261	0.088988	0.056111	0.062705	0.10085	0.15934	0.22622	0.29105	0.34683	0.39253	0.41496	0.35895	0.29797	0.23468	0.1742	0.12423	0.094423	0.093053	0.11382	0.14846	0.18721	0.22101	0.24747	0.25742	0.24829	0.2227	0.18774	0.15162	0.12438	0.11583	0.13256	0.17052	0.22263	0.27462	0.31727	0.34068	0.32956	0.29889	0.25187	0.19328	0.13282	0.096966	0.056715	0.052397	0.084142	0.13933	0.20581	0.27324	0.33359	0.37853	0.39788	0.36495	0.29621	0.22909	0.16433	0.1099	0.064253	0.06378	0.097284	0.16349	0.25874	0.37736	0.51225	0.66236	0.81193	0.96015	1	1	1	1	1
0.40947	0.26252	0.15012	0.077815	0.048597	0.058255	0.099135	0.15891	0.22463	0.2854	0.33349	0.36694	0.37118	0.33526	0.27797	0.21947	0.16849	0.13138	0.1171	0.12794	0.15495	0.1895	0.22229	0.24365	0.25016	0.24071	0.21808	0.18392	0.14639	0.11428	0.096877	0.10361	0.13676	0.18709	0.2466	0.30943	0.35997	0.38218	0.35165	0.30951	0.2532	0.18874	0.12501	0.079373	0.049273	0.055367	0.097501	0.1417	0.20693	0.26801	0.31863	0.35948	0.35493	0.32424	0.27341	0.21008	0.15309	0.10984	0.071854	0.085211	0.13066	0.20645	0.30877	0.43199	0.56937	0.71331	0.87857	1	1	1	1	1	1
0.41949	0.27345	0.16041	0.088975	0.058927	0.068499	0.1078	0.16416	0.22408	0.27607	0.313	0.33425	0.32234	0.29134	0.24522	0.19733	0.1576	0.1372	0.14029	0.1645	0.19906	0.23493	0.26372	0.27286	0.26176	0.2361	0.19651	0.1519	0.11061	0.082044	0.063272	0.092729	0.13794	0.19753	0.26234	0.32548	0.38343	0.4061	0.36445	0.31348	0.25273	0.18691	0.12466	0.072231	0.05304	0.069496	0.12131	0.15085	0.20864	0.26177	0.30105	0.32268	0.31313	0.28169	0.23517	0.18396	0.13856	0.10992	0.1061	0.12879	0.17087	0.25628	0.36511	0.49189	0.63011	0.77288	0.95061	1	1	1	1	1	1
0.4525	0.30882	0.19861	0.12525	0.090102	0.096173	0.12991	0.17847	0.22824	0.26791	0.29085	0.29542	0.27703	0.24479	0.20364	0.16613	0.14165	0.13975	0.1606	0.19884	0.24203	0.28077	0.30435	0.30008	0.27666	0.23751	0.18613	0.13139	0.10312	0.060686	0.053329	0.081099	0.13827	0.20317	0.26972	0.33027	0.37805	0.36156	0.36572	0.30915	0.24722	0.18436	0.12824	0.07438	0.067326	0.094527	0.12536	0.16989	0.21722	0.25792	0.28304	0.28889	0.27185	0.23779	0.19457	0.15215	0.12015	0.10922	0.12329	0.16219	0.22593	0.31422	0.42584	0.55543	0.6936	0.8645	1	1	1	1	1	1	1
0.50737	0.36762	0.2604	0.19161	0.14213	0.14233	0.16732	0.20443	0.2405	0.26481	0.27163	0.26053	0.23333	0.19787	0.16024	0.13216	0.12262	0.13859	0.17488	0.22266	0.27662	0.32444	0.34732	0.32617	0.29055	0.24122	0.18295	0.12246	0.082331	0.049989	0.053504	0.092482	0.14083	0.20652	0.27075	0.32212	0.3621	0.38111	0.35365	0.29414	0.23429	0.17827	0.13245	0.10565	0.10582	0.12799	0.16364	0.20318	0.23769	0.26009	0.2686	0.25943	0.23278	0.19448	0.1534	0.11913	0.10061	0.1072	0.13922	0.19483	0.27259	0.37116	0.48877	0.62271	0.76898	0.92232	1	1	1	1	1	1	1
0.58225	0.44789	0.34477	0.27859	0.22788	0.21975	0.22055	0.24351	0.26331	0.27019	0.25833	0.23217	0.19449	0.15421	0.11866	0.098688	0.10249	0.13426	0.1824	0.2383	0.29532	0.34992	0.3797	0.34451	0.30213	0.24487	0.18176	0.12104	0.072132	0.050598	0.064825	0.11428	0.14903	0.20911	0.26544	0.30897	0.33679	0.33876	0.31139	0.26662	0.21295	0.16685	0.13499	0.12523	0.13974	0.17052	0.2086	0.24437	0.26876	0.27507	0.26461	0.23652	0.19879	0.15505	0.11496	0.080376	0.067694	0.10507	0.15422	0.22622	0.31814	0.42747	0.5518	0.68828	0.83329	0.98231	1	1	1	1	1	1	1
0.67466	0.54699	0.44896	0.38603	0.31919	0.30333	0.30331	0.30827	0.30747	0.29293	0.25551	0.21353	0.16458	0.11848	0.083723	0.0704	0.086092	0.12778	0.18403	0.24465	0.30194	0.35207	0.39744	0.35519	0.3014	0.2418	0.18021	0.12406	0.071658	0.062069	0.087417	0.14606	0.16477	0.21694	0.26217	0.2926	0.30735	0.29565	0.26627	0.22536	0.18343	0.14983	0.13517	0.14377	0.17348	0.21395	0.2558	0.2896	0.3056	0.29459	0.26866	0.22638	0.17357	0.12374	0.093893	0.059891	0.060439	0.094514	0.17022	0.25743	0.36281	0.48271	0.61393	0.75338	0.89766	1	1	1	1	1	1	1	1
0.78162	0.66174	0.56965	0.5105	0.42151	0.39754	0.38539	0.37506	0.35701	0.32459	0.27598	0.20798	0.14792	0.09572	0.060815	0.052524	0.074946	0.12215	0.18212	0.24343	0.29769	0.34214	0.37934	0.3549	0.28992	0.23139	0.17538	0.12822	0.098067	0.082793	0.1173	0.15359	0.19411	0.23277	0.26255	0.27714	0.27449	0.25328	0.21991	0.18151	0.14818	0.12861	0.13221	0.15893	0.20143	0.25507	0.30195	0.33523	0.33813	0.31492	0.27584	0.22242	0.16181	0.12882	0.071508	0.048602	0.061328	0.10815	0.18519	0.29078	0.40813	0.5376	0.67523	0.81755	0.96126	1	1	1	1	1	1	1	1
0.89978	0.78858	0.70311	0.64818	0.53091	0.49896	0.47502	0.45017	0.41614	0.36767	0.30414	0.23034	0.14853	0.090683	0.055089	0.048696	0.072958	0.12104	0.18001	0.239	0.28544	0.31866	0.33476	0.31161	0.2684	0.21242	0.16535	0.13082	0.11761	0.12916	0.15833	0.19702	0.23221	0.25992	0.27182	0.26712	0.24538	0.21438	0.17539	0.13815	0.098471	0.083678	0.12702	0.16897	0.22258	0.28099	0.34523	0.37978	0.36748	0.33169	0.28266	0.22143	0.15612	0.10631	0.059588	0.047818	0.071922	0.12995	0.21762	0.32879	0.45641	0.59373	0.73658	0.88108	1	1	1	1	1	1	1	1	1
1	0.92373	0.84537	0.79498	0.64385	0.60451	0.56978	0.53188	0.4839	0.4219	0.34639	0.26285	0.16952	0.10699	0.073109	0.061567	0.083733	0.1282	0.1816	0.23141	0.26789	0.29463	0.29013	0.26609	0.22758	0.18555	0.14956	0.1315	0.13633	0.16284	0.20132	0.24275	0.27483	0.2931	0.28772	0.26655	0.22919	0.18227	0.13695	0.10759	0.072399	0.071138	0.12096	0.17425	0.23598	0.29783	0.35451	0.40445	0.38743	0.34058	0.28349	0.21924	0.15433	0.093001	0.058006	0.057728	0.092708	0.16087	0.25729	0.37579	0.51027	0.65306	0.7993	0.94472	1	1	1	1	1	1	1	1	1
1	1	0.99241	0.94677	0.75731	0.71161	0.66762	0.61873	0.55939	0.48689	0.40269	0.31275	0.22689	0.14715	0.10848	0.093294	0.10986	0.14651	0.18984	0.22756	0.25093	0.25941	0.24678	0.21963	0.18428	0.15108	0.12896	0.12919	0.15217	0.19139	0.2425	0.28831	0.3187	0.32452	0.30513	0.26972	0.21982	0.16282	0.13724	0.079003	0.054843	0.065994	0.116	0.17659	0.24264	0.30468	0.35692	0.39495	0.39318	0.33745	0.27665	0.21322	0.15307	0.087501	0.0656	0.077496	0.12322	0.20041	0.30454	0.42836	0.56506	0.71745	0.86476	1	1	1	1	1	1	1	1	1	1
1	1	1	1	0.86883	0.81816	0.76684	0.70944	0.64167	0.56195	0.47246	0.37946	0.29248	0.23452	0.17504	0.14475	0.153	0.17858	0.20853	0.23121	0.23905	0.23025	0.20723	0.17502	0.14123	0.11567	0.10642	0.12446	0.16299	0.21339	0.2692	0.32619	0.36505	0.35249	0.31974	0.27298	0.215	0.15127	0.10931	0.061025	0.047765	0.070378	0.12704	0.17887	0.24494	0.30145	0.34488	0.3735	0.37498	0.32219	0.26032	0.20107	0.14953	0.087828	0.080435	0.10538	0.16207	0.2478	0.35789	0.48615	0.62461	0.78828	0.93402	1	1	1	1	1	1	1	1	1	1
1	1	1	1	0.97649	0.92249	0.86601	0.80277	0.72964	0.64598	0.55453	0.46156	0.37666	0.32253	0.25475	0.22857	0.22571	0.22541	0.23973	0.24544	0.23359	0.20984	0.17495	0.13624	0.10256	0.083243	0.086857	0.11864	0.16878	0.22749	0.28684	0.34188	0.39124	0.37172	0.33011	0.27396	0.21005	0.14521	0.089656	0.054215	0.052074	0.085839	0.15251	0.18455	0.24404	0.29374	0.32661	0.34812	0.33092	0.28904	0.23427	0.18183	0.14189	0.12121	0.12565	0.13909	0.20715	0.30125	0.41668	0.54746	0.6869	0.82719	1	1	1	1	1	1	1	1	1	1	1
1	1	1	1	1	1	0.96389	0.89751	0.822	0.73748	0.64705	0.55797	0.5126	0.42997	0.34907	0.31697	0.30402	0.30044	0.29561	0.28065	0.25084	0.20121	0.15396	0.10801	0.073313	0.058801	0.072235	0.11331	0.17109	0.23443	0.29419	0.34491	0.3857	0.38197	0.32749	0.26693	0.20284	0.14152	0.092026	0.057856	0.067403	0.11153	0.14237	0.19526	0.24671	0.28501	0.30463	0.30768	0.28562	0.24419	0.19783	0.15647	0.13004	0.12754	0.14956	0.19603	0.26693	0.35855	0.47892	0.61148	0.75004	0.88845	1	1	1	1	1	1	1	1	1	1	1
1	1	1	1	1	1	1	0.99233	0.91714	0.83447	0.87026	0.73885	0.63132	0.55354	0.45403	0.41589	0.39274	0.3756	0.35494	0.32323	0.27703	0.20737	0.14828	0.095275	0.058753	0.047696	0.066054	0.11178	0.17268	0.23641	0.29299	0.33705	0.36686	0.36943	0.31356	0.25154	0.191	0.13739	0.098282	0.070302	0.097178	0.13034	0.17473	0.21789	0.25538	0.27921	0.28494	0.27023	0.23853	0.19836	0.15689	0.12608	0.11542	0.13093	0.17081	0.23335	0.31719	0.42094	0.5426	0.67914	0.82619	0.97824	1	1	1	1	1	1	1	1	1	1	1
1	1	1	1	1	1	1	1	1	1	0.98357	0.86171	0.76187	0.68957	0.56579	0.52187	0.48901	0.45913	0.42396	0.37732	0.31707	0.24618	0.16136	0.10209	0.063594	0.052417	0.071833	0.11771	0.17702	0.23639	0.28571	0.31913	0.34487	0.32495	0.28364	0.22724	0.17329	0.13082	0.10672	0.10799	0.13299	0.17198	0.21595	0.25211	0.27548	0.28075	0.2676	0.23834	0.19791	0.15513	0.11725	0.082048	0.099893	0.13231	0.18946	0.26801	0.36519	0.47858	0.60571	0.74358	0.88835	1	1	1	1	1	1	1	1	1	1	1	1
1	1	1	1	1	1	1	1	1	1	1	0.99202	0.9005	0.83414	0.68083	0.6318	0.59023	0.54909	0.5014	0.44232	0.37088	0.29086	0.21058	0.13141	0.091312	0.075828	0.092724	0.13449	0.18703	0.23792	0.27635	0.29699	0.30323	0.27967	0.23973	0.19335	0.15044	0.12117	0.11514	0.13364	0.17094	0.21687	0.26169	0.29246	0.30483	0.28974	0.26129	0.21673	0.16524	0.1424	0.085532	0.062477	0.074114	0.13432	0.20729	0.30093	0.41105	0.53416	0.66718	0.80701	0.95017	1	1	1	1	1	1	1	1	1	1	1	1
1	1	1	1	1	1	1	1	1	1	1	1	1	0.98326	0.79614	0.74299	0.69419	0.64377	0.58603	0.51743	0.43801	0.35215	0.26824	0.19735	0.14361	0.11944	0.13002	0.16393	0.20652	0.24503	0.26946	0.2772	0.2647	0.23512	0.19494	0.15426	0.12254	0.10959	0.1219	0.15598	0.20432	0.26144	0.30849	0.33608	0.32479	0.30158	0.26039	0.2051	0.146	0.11044	0.063383	0.051482	0.075347	0.13279	0.22744	0.33438	0.4562	0.58834	0.72703	0.86895	1	1	1	1	1	1	1	1	1	1	1	1	1
1	1	1	1	1	1	1	1	1	1	1	1	1	1	0.9092	0.85322	0.79898	0.74159	0.67659	0.60159	0.51748	0.42901	0.34443	0.27423	0.23351	0.18209	0.18518	0.20833	0.23748	0.26074	0.2689	0.25717	0.2316	0.19409	0.15217	0.11603	0.094615	0.097309	0.12662	0.17376	0.23077	0.29191	0.35413	0.38107	0.34728	0.31209	0.26261	0.19988	0.13534	0.088789	0.052102	0.051086	0.085996	0.15438	0.25123	0.37151	0.503	0.64268	0.78612	0.92968	1	1	1	1	1	1	1	1	1	1	1	1	1
1	1	1	1	1	1	1	1	1	1	1	1	1	1	1	0.96066	0.90297	0.84109	0.77169	0.69339	0.60774	0.51965	0.43699	0.38772	0.33364	0.27904	0.27191	0.27945	0.28108	0.2873	0.2729	0.24673	0.20703	0.1604	0.11556	0.082732	0.070373	0.08698	0.12905	0.18607	0.24893	0.3108	0.36814	0.39519	0.36264	0.317	0.25981	0.19528	0.13191	0.07759	0.052215	0.06213	0.10744	0.18514	0.29021	0.41568	0.55414	0.69921	0.84579	0.98996	1	1	1	1	1	1	1	1	1	1	1	1	1
1	1	1	1	1	1	1	1	1	1	1	1	1	1	1	1	1	0.9408	0.86976	0.79105	0.70666	0.6215	0.58906	0.50323	0.41427	0.37573	0.35957	0.3543	0.34938	0.33515	0.30535	0.24832	0.19447	0.13831	0.089924	0.059295	0.054499	0.080707	0.13089	0.1938	0.25893	0.3186	0.36917	0.4073	0.36299	0.31098	0.25195	0.1899	0.13236	0.075873	0.063116	0.084384	0.13953	0.22581	0.33708	0.46715	0.61214	0.75988	0.90749	1	1	1	1	1	1	1	1	1	1	1	1	1	1
1	1	1	1	1	1	1	1	1	1	1	1	1	1	1	1	1	1	0.96906	0.89242	0.81287	0.82104	0.7131	0.63287	0.52175	0.48097	0.45578	0.43791	0.4179	0.38739	0.34144	0.26425	0.19729	0.13234	0.080113	0.050801	0.05039	0.081124	0.13485	0.19911	0.2624	0.31325	0.35261	0.38719	0.35051	0.29444	0.23677	0.18104	0.13355	0.10282	0.083153	0.11655	0.18142	0.27487	0.39186	0.52449	0.6788	0.82623	0.97235	1	1	1	1	1	1	1	1	1	1	1	1	1	1
1	1	1	1	1	1	1	1	1	1	1	1	1	1	1	1	1	1	1	0.9975	1	0.94642	0.84688	0.77281	0.63647	0.59123	0.55753	0.52794	0.49416	0.44921	0.38947	0.31607	0.21827	0.1459	0.090309	0.064537	0.060516	0.091532	0.14408	0.20496	0.25866	0.30165	0.3289	0.34155	0.31616	0.27106	0.2134	0.16712	0.13315	0.11951	0.13063	0.15645	0.23132	0.33154	0.45223	0.5871	0.72705	0.89898	1	1	1	1	1	1	1	1	1	1	1	1	1	1	1
1	1	1	1	1	1	1	1	1	1	1	1	1	1	1	1	1	1	1	1	1	1	0.98663	0.91911	0.87859	0.70343	0.66221	0.62233	0.57675	0.51981	0.44914	0.36678	0.27944	0.18132	0.12339	0.098715	0.087452	0.11477	0.16001	0.21158	0.25653	0.28672	0.29972	0.29591	0.26818	0.22688	0.18382	0.14799	0.1308	0.13601	0.16427	0.21644	0.29325	0.39448	0.51821	0.66049	0.81541	1	1	1	1	1	1	1	1	1	1	1	1	1	1	1	1
1	1	1	1	1	1	1	1	1	1	1	1	1	1	1	1	1	1	1	1	1	1	1	1	1	0.81496	0.76763	0.71936	0.66437	0.5983	0.51986	0.43183	0.34112	0.25793	0.19689	0.14135	0.13195	0.15151	0.18767	0.22703	0.25782	0.27258	0.27144	0.2519	0.21985	0.18103	0.14659	0.12514	0.12625	0.15055	0.1967	0.26396	0.35192	0.45977	0.5856	0.726	0.87594	1	1	1	1	1	1	1	1	1	1	1	1	1	1	1	1
1	1	1	1	1	1	1	1	1	1	1	1	1	1	1	1	1	1	1	1	1	1	1	1	1	0.92377	0.87198	0.81752	0.75578	0.6836	0.60063	0.51015	0.41908	0.3373	0.28602	0.21036	0.19472	0.20436	0.22766	0.25182	0.26593	0.26345	0.24361	0.2123	0.17434	0.13667	0.10977	0.10187	0.1204	0.16315	0.22703	0.30973	0.40956	0.52498	0.65391	0.7933	0.93892	1	1	1	1	1	1	1	1	1	1	1	1	1	1	1	1
1	1	1	1	1	1	1	1	1	1	1	1	1	1	1	1	1	1	1	1	1	1	1	1	1	1	0.9738	0.91547	0.84971	0.7744	0.68998	0.60001	0.51177	0.46484	0.38888	0.3159	0.29245	0.28853	0.28052	0.28767	0.28366	0.26318	0.22468	0.18077	0.13589	0.098205	0.077572	0.081798	0.11585	0.17549	0.25606	0.35369	0.46538	0.58873	0.72138	0.86047	1	1	1	1	1	1	1	1	1	1	1	1	1	1	1	1	1
1	1	1	1	1	1	1	1	1	1	1	1	1	1	1	1	1	1	1	1	1	1	1	1	1	1	1	1	0.94476	0.8691	0.78595	0.70029	0.68368	0.58035	0.50872	0.41646	0.38615	0.37111	0.36173	0.34801	0.32215	0.28066	0.21779	0.1614	0.10928	0.070747	0.055058	0.069365	0.11644	0.19065	0.28599	0.39714	0.51987	0.65085	0.7873	0.92644	1	1	1	1	1	1	1	1	1	1	1	1	1	1	1	1	1
1	1	1	1	1	1	1	1	1	1	1	1	1	1	1	1	1	1	1	1	1	1	1	1	1	1	1	1	1	0.96581	0.88863	0.92529	0.80499	0.70876	0.64201	0.52447	0.48731	0.46133	0.43782	0.408	0.36544	0.30798	0.22594	0.15815	0.099239	0.059415	0.047622	0.069418	0.12661	0.21249	0.31994	0.44242	0.57453	0.71209	0.85181	0.99087	1	1	1	1	1	1	1	1	1	1	1	1	1	1	1	1	1
1	1	1	1	1	1	1	1	1	1	1	1	1	1	1	1	1	1	1	1	1	1	1	1	1	1	1	1	1	1	1	1	0.9349	0.84638	0.78493	0.63645	0.59289	0.55677	0.52036	0.47621	0.41926	0.34858	0.26827	0.17427	0.10975	0.068593	0.059467	0.086485	0.15073	0.24498	0.36133	0.49226	0.63141	0.7738	0.91564	1	1	1	1	1	1	1	1	1	1	1	1	1	1	1	1	1	1
1	1	1	1	1	1	1	1	1	1	1	1	1	1	1	1	1	1	1	1	1	1	1	1	1	1	1	1	1	1	1	1	1	0.98939	0.93353	0.74938	0.7003	0.65534	0.60788	0.55178	0.48329	0.4026	0.31448	0.22791	0.14341	0.10775	0.094189	0.12409	0.19234	0.29152	0.41324	0.54931	0.69261	0.83751	0.97978	1	1	1	1	1	1	1	1	1	1	1	1	1	1	1	1	1	1
1	1	1	1	1	1	1	1	1	1	1	1	1	1	1	1	1	1	1	1	1	1	1	1	1	1	1	1	1	1	1	1	1	1	1	0.86078	0.80738	0.75532	0.69909	0.63383	0.557	0.4697	0.37718	0.28838	0.21448	0.16616	0.15342	0.18419	0.25363	0.35438	0.47787	0.61555	0.75981	0.90453	1	1	1	1	1	1	1	1	1	1	1	1	1	1	1	1	1	1	1
1	1	1	1	1	1	1	1	1	1	1	1	1	1	1	1	1	1	1	1	1	1	1	1	1	1	1	1	1	1	1	1	1	1	1	0.96866	0.91239	0.85525	0.7928	0.72135	0.63946	0.54893	0.45526	0.3671	0.3102	0.25406	0.23947	0.26692	0.33509	0.43433	0.55616	0.69196	0.83391	0.97562	1	1	1	1	1	1	1	1	1	1	1	1	1	1	1	1	1	1	1
1	1	1	1	1	1	1	1	1	1	1	1	1	1	1	1	1	1	1	1	1	1	1	1	1	1	1	1	1	1	1	1	1	1	1	1	1	0.95385	0.88779	0.81313	0.72932	0.63869	0.54676	0.5018	0.41177	0.35826	0.34433	0.37078	0.43609	0.53073	0.64822	0.77957	0.91705	1	1	1	1	1	1	1	1	1	1	1	1	1	1	1	1	1	1	1	1
1	1	1	1	1	1	1	1	1	1	1	1	1	1	1	1	1	1	1	1	1	1	1	1	1	1	1	1	1	1	1	1	1	1	1	1	1	1	0.98278	0.90767	0.82477	0.73723	0.72942	0.61502	0.53023	0.47982	0.46667	0.49155	0.55301	0.64757	0.76996	0.91358	1	1	1	1	1	1	1	1	1	1	1	1	1	1	1	1	1	1	1	1	1
1	1	1	1	1	1	1	1	1	1	1	1	1	1	1	1	1	1	1	1	1	1	1	1	1	1	1	1	1	1	1	1	1	1	1	1	1	1	1	1	0.92473	0.97538	0.8473	0.74088	0.66197	0.61503	0.60276	0.62588	0.68304	0.77098	0.88476	1	1	1	1	1	1	1	1	1	1	1	1	1	1	1	1	1	1	1	1	1	1
1	1	1	1	1	1	1	1	1	1	1	1	1	1	1	1	1	1	1	1	1	1	1	1	1	1	1	1	1	1	1	1	1	1	1	1	1	1	1	1	1	1	0.97347	0.87568	0.80312	0.75993	0.74861	0.76983	0.82236	0.90315	1	1	1	1	1	1	1	1	1	1	1	1	1	1	1	1	1	1	1	1	1	1	1
1	1	1	1	1	1	1	1	1	1	1	1	1	1	1	1	1	1	1	1	1	1	1	1	1	1	1	1	1	1	1	1	1	1	1	1	1	1	1	1	1	1	1	1	0.94972	0.91046	0.90015	0.91939	0.96706	1	1	1	1	1	1	1	1	1	1	1	1	1	1	1	1	1	1	1	1	1	1	1	1
1	1	1	1	1	1	1	1	1	1	1	1	1	1	1	1	1	1	1	1	1	1	1	1	1	1	1	1	1	1	1	1	1	1	1	1	1	1	1	1	1	1	1	1	1	1	1	1	1	1	1	1	1	1	1	1	1	1	1	1	1	1	1	1	1	1	1	1	1	1	1	1	1
1	1	1	1	1	1	1	1	1	1	1	1	1	1	1	1	1	1	1	1	1	1	1	1	1	1	1	1	1	1	1	1	1	1	1	1	1	1	1	1	1	1	1	1	1	1	1	1	1	1	1	1	1	1	1	1	1	1	1	1	1	1	1	1	1	1	1	1	1	1	1	1	1
1	1	1	1	1	1	1	1	1	1	1	1	1	1	1	1	1	1	1	1	1	1	1	1	1	1	1	1	1	1	1	1	1	1	1	1	1	1	1	1	1	1	1	1	1	1	1	1	1	1	1	1	1	1	1	1	1	1	1	1	1	1	1	1	1	1	1	1	1	1	1	1	1
1	1	1	1	1	1	1	1	1	1	1	1	1	1	1	1	1	1	1	1	1	1	1	1	1	1	1	1	1	1	1	1	1	1	1	1	1	1	1	1	1	1	1	1	1	1	1	1	1	1	1	1	1	1	1	1	1	1	1	1	1	1	1	1	1	1	1	1	1	1	1	1	1
1	1	1	1	1	1	1	1	1	1	1	1	1	1	1	1	1	1	1	1	1	1	1	1	1	1	1	1	1	1	1	1	1	1	1	1	1	1	1	1	1	1	1	1	1	1	1	1	1	1	1	1	1	1	1	1	1	1	1	1	1	1	1	1	1	1	1	1	1	1	1	1	1
1	1	1	1	1	1	1	1	1	1	1	1	1	1	1	1	1	1	1	1	1	1	1	1	1	1	1	1	1	1	1	1	1	1	1	1	1	1	1	1	1	1	1	1	1	1	1	1	1	1	1	1	1	1	1	1	1	1	1	1	1	1	1	1	1	1	1	1	1	1	1	1	1
1	1	1	1	1	1	1	1	1	1	1	1	1	1	1	1	1	1	1	1	1	1	1	1	1	1	1	1	1	1	1	1	1	1	1	1	1	1	1	1	1	1	1	1	1	1	1	1	1	1	1	1	1	1	1	1	1	1	1	1	1	1	1	1	1	1	1	1	1	1	1	1	1
1	1	1	1	1	1	1	1	1	1	1	1	1	1	1	1	1	1	1	1	1	1	1	1	1	1	1	1	1	1	1	1	1	1	1	1	1	1	1	1	1	1	1	1	1	1	1	1	1	1	1	1	1	1	1	1	1	1	1	1	1	1	1	1	1	1	1	1	1	1	1	1	1
1	1	1	1	1	1	1	1	1	1	1	1	1	1	1	1	1	1	1	1	1	1	1	1	1	1	1	1	1	1	1	1	1	1	1	1	1	1	1	1	1	1	1	1	1	1	1	1	1	1	1	1	1	1	1	1	1	1	1	1	1	1	1	1	1	1	1	1	1	1	1	1	1
1	1	1	1	1	1	1	1	1	1	1	1	1	1	1	1	1	1	1	1	1	1	1	1	1	1	1	1	1	1	1	1	1	1	1	1	1	1	1	1	1	1	1	1	1	1	1	1	1	1	1	1	1	1	1	1	1	1	1	1	1	1	1	1	1	1	1	1	1	1	1	1	1
1	1	1	1	1	1	1	1	1	1	1	1	1	1	1	1	1	1	1	1	1	1	1	1	1	1	1	1	1	1	1	1	1	1	1	1	1	1	1	1	1	1	1	1	1	1	1	1	1	1	1	1	1	1	1	1	1	1	1	1	1	1	1	1	1	1	1	1	1	1	1	1	1
1	1	1	1	1	1	1	1	1	1	1	1	1	1	1	1	1	1	1	1	1	1	1	1	1	1	1	1	1	1	1	1	1	1	1	1	1	1	1	1	1	1	1	1	1	1	1	1	1	1	1	1	1	1	1	1	1	1	1	1	1	1	1	1	1	1	1	1	1	1	1	1	1
1	1	1	1	1	1	1	1	1	1	1	1	1	1	1	1	1	1	1	1	1	1	1	1	1	1	1	1	1	1	1	1	1	1	1	1	1	1	1	1	1	1	1	1	1	1	1	1	1	1	1	1	1	1	1	1	1	1	1	1	1	1	1	1	1	1	1	1	1	1	1	1	1
1	1	1	1	1	1	1	1	1	1	1	1	1	1	1	1	1	1	1	1	1	1	1	1	1	1	1	1	1	1	1	1	1	1	1	1	1	1	1	1	1	1	1	1	1	1	1	1	1	1	1	1	1	1	1	1	1	1	1	1	1	1	1	1	1	1	1	1	1	1	1	1	1
1	1	1	1	1	1	1	1	1	1	1	1	1	1	1	1	1	1	1	1	1	1	1	1	1	1	1	1	1	1	1	1	1	1	1	1	1	1	1	1	1	1	1	1	1	1	1	1	1	1	1	1	1	1	1	1	1	1	1	1	1	1	1	1	1	1	1	1	1	1	1	1	1
1	1	1	1	1	1	1	1	1	1	1	1	1	1	1	1	1	1	1	1	1	1	1	1	1	1	1	1	1	1	1	1	1	1	1	1	1	1	1	1	1	1	1	1	1	1	1	1	1	1	1	1	1	1	1	1	1	1	1	1	1	1	1	1	1	1	1	1	1	1	1	1	1
