-1	1	1	1	1	1	1	1	1	1	1	1	1	1	1	1	1	1	1	1	1	1	1	1	1	1	1	1	1	1	1	1	1	1	1	1	1	1	1	1	1	1	1	1	1	1	1	1	1	1	1	1	1	1	1	1	1	1	1	1	1	1	1	1	1	1	1	1	1	1	1	1	1
1	1	1	1	1	1	1	1	1	1	1	1	1	1	1	1	1	1	1	0.99958	0.93254	0.89354	0.88486	0.90701	0.95869	1	1	1	1	1	1	1	1	1	1	1	1	1	1	1	1	1	1	1	1	1	1	1	1	1	1	1	1	1	1	1	1	1	1	1	1	1	1	1	1	1	1	1	1	1	1	1	1
1	1	1	1	1	1	1	1	1	1	1	1	1	1	1	1	1	1	0.96015	0.86012	0.78667	0.74397	0.7345	0.7588	0.81547	0.90124	1	1	1	1	1	1	1	1	1	1	1	1	1	1	1	1	1	1	1	1	1	1	1	1	1	1	1	1	1	1	1	1	1	1	1	1	1	1	1	1	1	1	1	1	1	1	1
1	1	1	1	1	1	1	1	1	1	1	1	1	1	1	1	1	0.96708	0.83588	0.72757	0.64807	0.60189	0.59167	0.61801	0.67938	0.77228	0.89152	1	1	1	1	1	1	1	1	1	1	1	1	1	1	1	1	1	1	1	1	1	1	1	1	1	1	1	1	1	1	1	1	1	1	1	1	1	1	1	1	1	1	1	1	1	1
1	1	1	1	1	1	1	1	1	1	1	1	1	1	1	1	1	0.86208	0.72164	0.60576	0.52077	0.47141	0.46051	0.4887	0.55436	0.65377	0.7814	0.93044	1	1	1	1	1	1	1	1	1	1	1	1	1	1	1	1	1	1	1	1	1	1	1	1	1	1	1	1	1	1	1	1	1	1	1	1	1	1	1	1	1	1	1	1	1
1	1	1	1	1	1	1	1	1	1	1	1	1	1	1	1	0.93629	0.76945	0.62092	0.49842	0.4086	0.35647	0.34498	0.3748	0.44422	0.54932	0.68431	0.842	1	1	1	1	1	1	1	1	1	1	1	1	1	1	1	1	1	1	1	1	1	1	1	1	1	1	1	1	1	1	1	1	1	1	1	1	1	1	1	1	1	1	1	1	1
1	1	1	1	1	1	1	1	1	1	1	1	1	1	1	0.93093	0.78618	0.64432	0.51256	0.39915	0.31258	0.26066	0.24869	0.27985	0.35239	0.46223	0.60332	0.76819	0.94848	1	1	1	1	1	1	1	1	1	1	1	1	1	1	1	1	1	1	1	1	1	1	1	1	1	1	1	1	1	1	1	1	1	1	1	1	1	1	1	1	1	1	1	1
1	1	1	1	1	1	1	1	1	1	1	1	1	1	1	0.8641	0.71694	0.57338	0.44041	0.32609	0.23884	0.18642	0.17473	0.20693	0.28186	0.39531	0.54108	0.71145	0.89782	1	1	1	1	1	1	1	1	1	1	1	1	1	1	1	1	1	1	1	1	1	1	1	1	1	1	1	1	1	1	1	1	1	1	1	1	1	1	1	1	1	1	1	1
1	1	1	1	1	1	1	1	1	1	1	1	1	1	0.94892	0.80288	0.65621	0.51418	0.38333	0.27127	0.18609	0.13539	0.1251	0.1584	0.23493	0.35079	0.49966	0.67368	0.86408	1	1	1	1	1	1	1	1	1	1	1	1	1	1	1	1	1	1	1	1	1	1	1	1	1	1	1	1	1	1	1	1	1	1	1	1	1	1	1	1	1	1	1	1
1	1	1	1	1	1	1	1	1	1	1	1	1	1	0.89099	0.74626	0.60281	0.46544	0.34006	0.23358	0.15345	0.10683	0.099476	0.13466	0.21229	0.33016	0.48047	0.65618	0.84844	1	1	1	1	1	1	1	1	1	1	1	1	1	1	1	1	1	1	1	1	1	1	1	1	1	1	1	1	1	1	1	1	1	1	1	1	1	1	1	1	1	1	1	1
1	1	1	1	1	1	1	1	1	1	1	1	1	0.97597	0.83425	0.6926	0.55469	0.42479	0.308	0.21031	0.13827	0.098305	0.095764	0.13381	0.21257	0.32871	0.48415	0.65953	0.85144	1	1	1	1	1	1	1	1	1	1	1	1	1	1	1	1	1	1	1	1	1	1	1	1	1	1	1	1	1	1	1	1	1	1	1	1	1	1	1	1	1	1	1	1
1	1	1	1	1	1	1	1	1	1	1	1	1	0.9179	0.77732	0.63995	0.50932	0.38914	0.28362	0.19763	0.13659	0.10592	0.11028	0.15256	0.23298	0.34862	0.49345	0.68363	0.87297	1	1	1	1	1	1	1	1	1	1	1	1	1	1	1	1	1	1	1	1	1	1	1	1	1	1	1	1	1	1	1	1	1	1	1	1	1	1	1	1	1	1	1	1
1	1	1	1	1	1	1	1	1	1	1	1	1	0.85833	0.71906	0.58652	0.4642	0.35529	0.26307	0.19118	0.14371	0.12484	0.13831	0.18647	0.26951	0.38487	0.52717	0.72765	0.91229	1	1	1	1	1	1	1	1	1	1	1	1	1	1	1	1	1	1	1	1	1	1	1	1	1	1	1	1	1	1	1	1	1	1	1	1	1	1	1	1	1	1	1	1
1	1	1	1	1	1	1	1	1	1	1	1	0.94166	0.79724	0.65891	0.53111	0.41737	0.32048	0.24283	0.18677	0.15492	0.15007	0.17475	0.23061	0.28883	0.37783	0.48238	0.598	0.72035	0.84397	0.96544	1	1	1	1	1	1	1	1	1	1	1	1	1	1	1	1	1	1	1	1	1	1	1	1	1	1	1	1	1	1	1	1	1	1	1	1	1	1	1	1	1	1
1	1	1	1	1	1	1	1	1	1	1	1	0.88284	0.73536	0.59723	0.4735	0.36793	0.28303	0.22037	0.18109	0.16626	0.17711	0.21486	0.26175	0.33062	0.41369	0.50832	0.61175	0.72229	0.83412	0.94625	1	1	1	1	1	1	1	1	1	1	1	1	1	1	1	1	1	1	1	1	1	1	1	1	1	1	1	1	1	1	1	1	1	1	1	1	1	1	1	1	1	1
1	1	1	1	1	1	1	1	1	1	1	1	0.82567	0.67436	0.53545	0.41473	0.31635	0.2427	0.19469	0.17229	0.17509	0.20093	0.24415	0.30103	0.3687	0.44515	0.52911	0.61964	0.7157	0.81752	0.92007	1	1	1	1	1	1	1	1	1	1	0.99935	0.96825	0.96617	0.99324	1	1	1	1	1	1	1	1	1	1	1	1	1	1	1	1	1	1	1	1	1	1	1	1	1	1	1	1
1	1	1	1	1	1	1	1	1	1	1	1	0.74194	0.60402	0.47346	0.3572	0.26467	0.20097	0.16654	0.16033	0.18023	0.21963	0.27208	0.33268	0.39823	0.46733	0.54009	0.61741	0.70023	0.79106	0.88449	0.98209	1	1	1	1	1	1	1	1	0.9152	0.85095	0.81671	0.81446	0.84433	0.90459	0.99177	1	1	1	1	1	1	1	1	1	1	1	1	1	1	1	1	1	1	1	1	1	1	1	1	1	1
1	1	1	1	1	1	1	1	1	1	1	0.85647	0.68408	0.54538	0.41622	0.304	0.2153	0.15526	0.13843	0.14702	0.18103	0.23164	0.2912	0.35373	0.41579	0.47664	0.53777	0.60194	0.67199	0.75254	0.8379	0.93114	1	1	1	0.99364	0.9487	1	0.99819	0.87631	0.77767	0.70774	0.67048	0.66807	0.70063	0.76628	0.86129	0.98034	1	1	1	1	1	1	1	1	1	1	1	1	1	1	1	1	1	1	1	1	1	1	1	1	1
1	1	1	1	1	1	1	1	1	1	0.93588	0.78852	0.64191	0.49115	0.36458	0.25714	0.17565	0.12521	0.10868	0.13456	0.17875	0.23724	0.30093	0.36292	0.41967	0.47116	0.5203	0.57159	0.62969	0.70097	0.77979	0.87034	0.93316	0.94319	0.93739	0.91167	0.86523	1	0.88629	0.75506	0.64891	0.57368	0.53364	0.53107	0.56613	0.6368	0.73908	0.86731	0.8306	0.91584	0.99473	1	1	1	1	1	1	1	1	1	1	1	1	1	1	1	1	1	1	1	1	1	1
1	1	1	1	1	1	1	1	1	1	0.87449	0.72722	0.58211	0.4423	0.3199	0.21843	0.14469	0.1037	0.09808	0.1188	0.16296	0.23818	0.3023	0.36072	0.40997	0.45085	0.48761	0.52645	0.57365	0.63685	0.71095	1	0.83853	0.85628	0.85624	0.83344	0.78672	0.7192	0.7852	0.64557	0.53269	0.45273	0.41019	0.40749	0.44479	0.51996	0.62876	0.64412	0.73542	0.82284	0.90241	0.97311	1	1	1	1	1	1	1	1	1	1	1	1	1	1	1	1	1	1	1	1	1
1	1	1	1	1	1	1	1	1	0.96084	0.81618	0.67134	0.53056	0.39897	0.28271	0.18879	0.12378	0.09246	0.093483	0.12174	0.16894	0.2372	0.29768	0.34917	0.38852	0.41744	0.4415	0.4684	0.50584	0.56224	0.79853	0.88877	0.74608	0.77271	0.7797	0.75793	0.71321	0.64493	0.65988	0.53319	0.42629	0.34744	0.30389	0.30107	0.3403	0.41932	0.46289	0.5541	0.64664	0.73354	0.81109	0.87893	0.93929	0.99594	1	1	1	1	1	1	1	1	1	1	1	1	1	1	1	1	1	1	1
1	1	1	1	1	1	1	1	1	0.90265	0.75953	0.61899	0.48492	0.36181	0.25492	0.16806	0.11314	0.092133	0.099691	0.13208	0.17954	0.23208	0.29033	0.33152	0.35861	0.37429	0.38539	0.40093	0.4298	0.59896	0.66504	0.76256	0.65843	0.69482	0.70413	0.69094	0.64872	0.58056	0.49409	0.452	0.34299	0.26252	0.21803	0.21486	0.25594	0.30205	0.38405	0.47537	0.5662	0.64952	0.72207	0.78429	0.83953	0.89259	1	1	1	1	1	1	1	1	1	1	1	1	1	1	1	1	1	1	1
1	1	1	1	1	1	1	1	0.98678	0.84385	0.70303	0.56803	0.44245	0.33009	0.23518	0.16254	0.11187	0.099913	0.11504	0.15016	0.19576	0.24179	0.2798	0.31179	0.32454	0.32594	0.324	0.32887	0.38205	0.47269	0.54324	0.64735	0.5733	0.61702	0.63854	0.631	0.59242	0.52604	0.43989	0.38621	0.27807	0.19846	0.15478	0.15254	0.19423	0.24043	0.3213	0.40973	0.49558	0.57203	0.63646	0.69033	0.73816	0.78591	1	1	1	1	1	1	1	1	1	1	1	1	1	1	1	1	1	1	1
1	1	1	1	1	1	1	1	0.92767	0.78381	0.64545	0.51654	0.40048	0.3004	0.2195	0.16125	0.12943	0.12625	0.13828	0.17542	0.21791	0.25588	0.28142	0.29176	0.28557	0.26849	0.26292	0.27077	0.29043	0.36241	0.43683	0.47927	0.49974	0.55136	0.5798	0.5779	0.54365	0.48049	0.39676	0.3353	0.23123	0.15526	0.1145	0.11442	0.138	0.19408	0.27598	0.35825	0.43574	0.50202	0.55531	0.59825	0.63662	0.67755	0.72757	0.904	0.97483	1	1	1	1	1	1	1	1	1	1	1	1	1	1	1	1
1	1	1	1	1	1	1	1	0.86786	0.72257	0.58627	0.46331	0.35703	0.26999	0.20432	0.16214	0.14574	0.15488	0.18151	0.2169	0.24418	0.27403	0.28783	0.28293	0.26249	0.2338	0.20688	0.1942	0.21278	0.27157	0.3156	0.39579	0.4361	0.49376	0.52769	0.53068	0.50089	0.442	0.3626	0.29727	0.20051	0.13112	0.095666	0.099324	0.12361	0.17657	0.24329	0.32134	0.38716	0.44018	0.47966	0.50947	0.53672	0.56968	0.61565	0.761	0.83841	0.94245	1	1	1	1	1	1	1	1	1	1	1	1	1	1	1
1	1	1	1	1	1	1	0.96242	0.8085	0.661	0.52597	0.40825	0.3113	0.23722	0.1872	0.162	0.16234	0.18473	0.21893	0.25635	0.28753	0.30465	0.3029	0.28175	0.24573	0.20303	0.1647	0.1434	0.15056	0.20279	0.24833	0.32824	0.38334	0.44432	0.48148	0.48786	0.462	0.40794	0.33443	0.25347	0.18263	0.12274	0.09512	0.098753	0.12909	0.17824	0.23648	0.29408	0.34999	0.38713	0.41063	0.42569	0.4407	0.46497	0.50647	0.62602	0.70958	0.82193	0.95694	0.89643	0.97947	1	1	1	1	1	1	1	1	1	1	1	1
1	1	1	1	1	1	1	0.91081	0.75153	0.60101	0.4662	0.35263	0.26397	0.20207	0.1673	0.15915	0.1768	0.21112	0.25329	0.29303	0.32116	0.33073	0.31836	0.28517	0.23701	0.18386	0.13744	0.11043	0.12062	0.14158	0.19595	0.27824	0.34193	0.4028	0.44019	0.44776	0.42467	0.37543	0.30891	0.23681	0.1735	0.12583	0.10854	0.11864	0.15054	0.19574	0.24466	0.28834	0.32417	0.34348	0.34956	0.34895	0.3512	0.36657	0.44952	0.50294	0.59209	0.62044	0.7103	0.80047	0.88564	0.96326	1	1	1	1	1	1	1	1	1	1	1
1	1	1	1	1	1	0.99113	0.84903	0.66955	0.53334	0.40753	0.29901	0.21732	0.16624	0.1456	0.15378	0.1859	0.2318	0.28091	0.32277	0.34848	0.35207	0.33161	0.28975	0.23366	0.17416	0.1237	0.094543	0.09922	0.12132	0.1731	0.24069	0.31194	0.36876	0.40289	0.40893	0.38692	0.34192	0.28295	0.22124	0.16891	0.13574	0.13111	0.1489	0.18329	0.22496	0.26447	0.29401	0.30835	0.30812	0.29418	0.2755	0.26328	0.27803	0.33914	0.39548	0.43982	0.52539	0.61781	0.70901	0.79368	0.86972	0.93787	1	1	1	1	1	1	1	1	1	1
1	1	1	1	1	1	0.92085	0.77516	0.61226	0.47679	0.35395	0.25098	0.17412	0.12789	0.12482	0.14692	0.1906	0.24536	0.29963	0.34269	0.36612	0.36507	0.33901	0.29201	0.23226	0.17105	0.12101	0.093697	0.094418	0.12196	0.17044	0.23024	0.28512	0.34185	0.36901	0.37052	0.34751	0.30576	0.25435	0.20398	0.16521	0.14825	0.15702	0.18456	0.22176	0.2604	0.29137	0.30771	0.30588	0.28751	0.25713	0.22397	0.20002	0.19741	0.24824	0.30696	0.35546	0.44234	0.53459	0.62387	0.70504	0.77665	0.84039	0.9	0.95983	1	1	1	1	1	1	1	1
1	1	1	1	1	1	0.85553	0.70907	0.56569	0.42529	0.30666	0.20998	0.14156	0.10579	0.10304	0.12809	0.19175	0.25208	0.30886	0.35143	0.37211	0.36725	0.33776	0.2889	0.22962	0.17129	0.12619	0.10482	0.11056	0.13989	0.18484	0.23585	0.28247	0.32196	0.33859	0.33261	0.30642	0.26659	0.22229	0.18358	0.15994	0.16016	0.18363	0.21977	0.26083	0.29715	0.32048	0.32507	0.30904	0.27522	0.23082	0.1858	0.15257	0.1435	0.17946	0.21024	0.28797	0.37342	0.46238	0.54645	0.62092	0.68515	0.74194	0.79619	0.85321	1	1	1	1	1	1	1	1
1	1	1	1	1	0.93903	0.7945	0.64996	0.50998	0.37963	0.26685	0.17764	0.11815	0.09261	0.098405	0.13025	0.17969	0.25364	0.30953	0.34921	0.36599	0.35757	0.32621	0.27826	0.22309	0.17178	0.13582	0.12481	0.13845	0.1705	0.21224	0.25426	0.2881	0.30736	0.31249	0.29639	0.26497	0.2256	0.18759	0.16086	0.15228	0.16986	0.2058	0.25112	0.29571	0.33021	0.34708	0.34189	0.31435	0.26873	0.21372	0.16041	0.12123	0.10836	0.12532	0.16633	0.23087	0.31996	0.40227	0.47773	0.54226	0.59626	0.64374	0.6908	0.74375	0.93817	1	1	1	1	1	1	1
1	1	1	1	1	0.87913	0.73645	0.59619	0.46247	0.34025	0.23483	0.15464	0.105	0.088655	0.10186	0.13796	0.18792	0.25271	0.30383	0.3377	0.34886	0.33649	0.30418	0.25914	0.21095	0.17006	0.14708	0.15035	0.173	0.20885	0.24805	0.2817	0.30223	0.30506	0.29166	0.26154	0.22021	0.17648	0.15279	0.13627	0.14318	0.17501	0.22261	0.27535	0.32275	0.35555	0.36706	0.35423	0.31829	0.26488	0.20353	0.1462	0.10504	0.094657	0.10487	0.14461	0.20423	0.2825	0.35479	0.41833	0.46992	0.51112	0.54726	0.58566	0.63355	0.79278	0.86226	0.95868	1	1	1	1	1
1	1	1	1	0.9608	0.81929	0.67974	0.54558	0.42046	0.30853	0.2147	0.14061	0.1021	0.094755	0.114	0.1523	0.20005	0.24738	0.29491	0.31981	0.32328	0.30604	0.273	0.23208	0.1928	0.16475	0.15822	0.1759	0.20962	0.24943	0.287	0.3133	0.32197	0.30662	0.27973	0.23899	0.1918	0.14754	0.1163	0.10787	0.13428	0.17703	0.23314	0.291	0.33971	0.37036	0.37729	0.35882	0.31763	0.26048	0.19746	0.14074	0.10192	0.090284	0.10498	0.14319	0.19659	0.25574	0.31996	0.36862	0.40471	0.43106	0.45433	0.48304	0.52524	0.65422	0.72949	0.83398	0.96192	1	1	1	1
1	1	1	1	0.89972	0.75855	0.62277	0.49586	0.38102	0.28156	0.20121	0.14426	0.10835	0.10981	0.13448	0.17358	0.2172	0.25592	0.28245	0.29935	0.29297	0.26965	0.23553	0.19914	0.16976	0.15628	0.1673	0.20011	0.24286	0.28759	0.32411	0.34428	0.34293	0.31902	0.27127	0.2214	0.16933	0.12518	0.098807	0.098461	0.11945	0.17736	0.23827	0.29812	0.34588	0.37332	0.37593	0.35346	0.30988	0.25284	0.19263	0.14112	0.10926	0.10329	0.12197	0.15878	0.20525	0.25243	0.29294	0.32889	0.34757	0.35769	0.36721	0.38571	0.42197	0.52639	0.60698	0.71886	0.85591	1	1	1	1
1	1	1	0.98323	0.8375	0.69643	0.56446	0.4452	0.34154	0.25597	0.19099	0.14946	0.13453	0.13205	0.16208	0.20134	0.23962	0.2686	0.28188	0.27855	0.25741	0.223	0.18448	0.16382	0.14438	0.14594	0.17403	0.21829	0.27052	0.31937	0.35512	0.37031	0.36105	0.32782	0.27573	0.20834	0.15332	0.1107	0.091937	0.094163	0.1232	0.1707	0.2401	0.29815	0.34211	0.36466	0.36263	0.33722	0.29357	0.23995	0.18653	0.14442	0.12311	0.12744	0.15123	0.18718	0.22668	0.26116	0.28455	0.2957	0.29323	0.28386	0.27735	0.2969	0.32733	0.41307	0.49834	0.61675	0.76184	0.92603	1	1	1
1	1	1	0.92428	0.77488	0.63327	0.50458	0.39271	0.30035	0.22924	0.18072	0.15615	0.15691	0.1781	0.2107	0.24599	0.26542	0.28491	0.28519	0.26805	0.23624	0.19547	0.15444	0.12315	0.11083	0.13603	0.17592	0.23129	0.29044	0.34215	0.37684	0.38789	0.37272	0.33324	0.27583	0.19881	0.14353	0.10454	0.091107	0.099959	0.13343	0.18159	0.2345	0.29365	0.33054	0.34608	0.33858	0.31069	0.26859	0.22092	0.17744	0.14821	0.14204	0.15793	0.18795	0.22374	0.25692	0.27984	0.28766	0.27948	0.25994	0.2345	0.21449	0.21176	0.23645	0.31774	0.40694	0.5308	0.68263	0.8545	1	1	1
1	1	1	0.86715	0.71343	0.57044	0.44411	0.33878	0.2571	0.20023	0.16841	0.16152	0.17871	0.21123	0.25001	0.28552	0.30917	0.31467	0.29949	0.26181	0.21952	0.17266	0.13064	0.10339	0.10006	0.11891	0.17685	0.23912	0.30226	0.35475	0.38741	0.39463	0.37515	0.33227	0.27336	0.20901	0.139	0.10895	0.098134	0.11449	0.15072	0.1972	0.24389	0.28204	0.3144	0.3206	0.30642	0.27593	0.23625	0.19618	0.16501	0.1516	0.1622	0.19053	0.22679	0.26319	0.29092	0.30334	0.2971	0.27309	0.23719	0.19781	0.16642	0.15531	0.17484	0.24231	0.33565	0.46376	0.62082	0.79866	0.98854	1	1
1	1	1	0.81414	0.65557	0.51034	0.38525	0.28524	0.21306	0.16948	0.15377	0.16445	0.19665	0.24014	0.28483	0.32095	0.34033	0.33785	0.31251	0.25779	0.20767	0.15627	0.11441	0.091718	0.096028	0.12123	0.16989	0.24358	0.30701	0.35744	0.38639	0.38945	0.36673	0.32276	0.26568	0.20628	0.15575	0.11525	0.11416	0.13685	0.17485	0.21811	0.25678	0.28327	0.29387	0.28474	0.25815	0.2364	0.19934	0.16776	0.14952	0.15387	0.18111	0.22024	0.2634	0.30067	0.32383	0.32728	0.30917	0.27212	0.22326	0.17305	0.13334	0.11643	0.14005	0.1923	0.28669	0.4178	0.57843	0.76036	0.95465	1	1
1	1	0.89053	0.71907	0.57923	0.44715	0.33016	0.23494	0.16687	0.13926	0.13835	0.16465	0.20953	0.26227	0.31189	0.34843	0.36434	0.35573	0.32312	0.2716	0.1996	0.14608	0.10628	0.089264	0.096904	0.13002	0.18095	0.23984	0.3068	0.35179	0.37479	0.37274	0.34717	0.30373	0.25111	0.19992	0.1604	0.14318	0.15171	0.1654	0.20368	0.2432	0.27354	0.28787	0.2841	0.26379	0.22944	0.18939	0.15104	0.13841	0.13395	0.15529	0.19537	0.2453	0.29416	0.33212	0.35141	0.34753	0.32012	0.27338	0.21565	0.1585	0.11422	0.094748	0.11206	0.1661	0.26157	0.39339	0.55688	0.74088	0.93741	1	1
1	0.96905	0.82296	0.67623	0.52405	0.39405	0.28138	0.19299	0.1343	0.10857	0.12528	0.1628	0.21729	0.27668	0.32933	0.3654	0.37816	0.36498	0.32782	0.27302	0.21056	0.14111	0.10588	0.096402	0.10897	0.14593	0.19655	0.25067	0.29753	0.34044	0.35489	0.34631	0.31767	0.27563	0.22922	0.18943	0.16295	0.16204	0.18307	0.21608	0.2527	0.28353	0.30076	0.29962	0.27722	0.24524	0.20349	0.16	0.12443	0.10607	0.11203	0.15477	0.2062	0.26402	0.31682	0.35466	0.37037	0.36061	0.32651	0.27362	0.2114	0.15159	0.10694	0.090039	0.10547	0.162	0.25836	0.38994	0.54909	0.74088	0.93741	1	1
1	0.90796	0.76157	0.61591	0.47402	0.34774	0.24065	0.15972	0.11035	0.095609	0.11031	0.16117	0.22135	0.28388	0.33685	0.37083	0.3801	0.36338	0.32399	0.26926	0.20972	0.15663	0.11192	0.11144	0.12914	0.16875	0.21721	0.26433	0.3014	0.32673	0.33002	0.31325	0.28084	0.24038	0.20127	0.17228	0.16298	0.17918	0.21162	0.252	0.29019	0.31717	0.32609	0.31364	0.27307	0.23092	0.18246	0.13719	0.10485	0.095293	0.10711	0.14408	0.21401	0.27641	0.3306	0.36679	0.37864	0.36407	0.32558	0.26993	0.20718	0.14933	0.10859	0.095065	0.11668	0.17682	0.27438	0.4052	0.5623	0.76035	0.95465	1	1
0.99265	0.84961	0.7052	0.56344	0.42929	0.30875	0.20887	0.13648	0.096741	0.092487	0.11308	0.15725	0.22418	0.28568	0.33559	0.3652	0.37	0.35013	0.31016	0.25823	0.20474	0.16094	0.13759	0.14137	0.15577	0.19749	0.24244	0.28156	0.3065	0.31346	0.30072	0.27033	0.22877	0.1864	0.16915	0.15267	0.16008	0.19079	0.23476	0.28171	0.32147	0.34538	0.34762	0.32638	0.28438	0.22024	0.1671	0.12176	0.09366	0.091091	0.1105	0.15368	0.20951	0.28375	0.33608	0.36846	0.37556	0.35667	0.31561	0.2601	0.20057	0.14871	0.11594	0.11145	0.14119	0.20636	0.30589	0.43602	0.59045	0.76086	0.98854	1	1
0.93456	0.79264	0.65208	0.51662	0.3906	0.27919	0.18594	0.12352	0.094131	0.095647	0.12373	0.16978	0.22387	0.2848	0.32792	0.35043	0.34923	0.32595	0.28633	0.23911	0.1945	0.16281	0.15455	0.17101	0.20346	0.24312	0.28056	0.30089	0.31408	0.30718	0.2819	0.24283	0.19728	0.15495	0.12598	0.1328	0.15483	0.19754	0.25057	0.30264	0.34333	0.36453	0.36158	0.33412	0.28634	0.22647	0.15678	0.11373	0.091494	0.097201	0.12148	0.16821	0.22423	0.28831	0.33508	0.36098	0.36194	0.33865	0.29617	0.24301	0.18968	0.1472	0.12619	0.13446	0.17423	0.24604	0.34865	0.47865	0.63037	0.79633	1	1	1
0.87562	0.73558	0.60013	0.47277	0.35718	0.25757	0.17877	0.11996	0.10199	0.11037	0.14254	0.18831	0.2375	0.28046	0.31707	0.3296	0.32057	0.29312	0.25408	0.2126	0.17928	0.1615	0.16998	0.19921	0.23951	0.28131	0.31512	0.33309	0.3305	0.30302	0.26597	0.21837	0.16923	0.12852	0.10599	0.10775	0.13308	0.19981	0.25892	0.31377	0.35402	0.37231	0.36524	0.3339	0.28372	0.22372	0.1654	0.11237	0.098537	0.10714	0.14024	0.18832	0.24117	0.28874	0.33033	0.3469	0.33995	0.31166	0.26828	0.21889	0.17385	0.14327	0.13745	0.16002	0.21145	0.29147	0.3985	0.52928	0.67873	0.84019	1	1	1
0.81522	0.67724	0.54747	0.42925	0.32568	0.23993	0.17556	0.1365	0.11871	0.13334	0.16887	0.21299	0.25552	0.28775	0.30493	0.30177	0.279	0.25528	0.21649	0.18105	0.15828	0.15691	0.18138	0.22254	0.27028	0.3143	0.34522	0.35604	0.34345	0.30861	0.25254	0.19845	0.14715	0.10896	0.094754	0.10191	0.13454	0.18423	0.26113	0.31567	0.35339	0.36792	0.35725	0.32384	0.2742	0.21783	0.16595	0.12998	0.11219	0.12839	0.16614	0.21409	0.26186	0.30013	0.32352	0.32526	0.30486	0.26655	0.2344	0.18943	0.15488	0.13711	0.14745	0.18522	0.24953	0.33909	0.45183	0.58448	0.73241	0.88974	1	1	1
0.75334	0.61704	0.49284	0.38407	0.2933	0.2227	0.17449	0.15109	0.15404	0.17702	0.19963	0.24148	0.277	0.29819	0.30087	0.2855	0.25344	0.2117	0.16877	0.13551	0.13617	0.15013	0.18772	0.23906	0.29298	0.33868	0.36707	0.37216	0.35202	0.30932	0.25114	0.18285	0.13163	0.097562	0.088441	0.10337	0.14071	0.19141	0.25966	0.31026	0.34282	0.35218	0.33779	0.30347	0.25661	0.20691	0.16501	0.14143	0.14446	0.15575	0.19788	0.24321	0.28523	0.31357	0.32304	0.31274	0.2828	0.23869	0.1904	0.14628	0.13231	0.1294	0.15562	0.20877	0.28656	0.38657	0.50605	0.64158	0.78885	0.94264	1	1	1
0.6908	0.55541	0.4361	0.33635	0.25834	0.20335	0.17225	0.16591	0.18326	0.21483	0.25265	0.28741	0.31072	0.31659	0.29995	0.27147	0.2301	0.18323	0.1407	0.11285	0.10904	0.14209	0.18967	0.24843	0.30636	0.35245	0.37815	0.37856	0.35317	0.30601	0.24515	0.17079	0.12254	0.096988	0.091848	0.11304	0.1529	0.20182	0.24984	0.30056	0.32501	0.32736	0.30859	0.27383	0.23119	0.19032	0.16102	0.15345	0.17194	0.20423	0.24613	0.28701	0.30943	0.3276	0.32393	0.30052	0.26115	0.21182	0.16211	0.12275	0.10528	0.11188	0.16315	0.23109	0.32222	0.43295	0.55976	0.69891	0.84625	0.99711	1	1	1
0.62941	0.4939	0.3784	0.28667	0.22068	0.18093	0.16705	0.17839	0.20908	0.24974	0.29091	0.32339	0.33957	0.3348	0.30848	0.2608	0.21102	0.16041	0.11897	0.096675	0.099267	0.12635	0.18923	0.2518	0.31074	0.35519	0.37737	0.37364	0.34487	0.29629	0.23669	0.17714	0.11907	0.10069	0.10429	0.13094	0.17176	0.2168	0.25669	0.284	0.30367	0.29701	0.27284	0.23752	0.19973	0.16896	0.15409	0.16392	0.19535	0.2381	0.28398	0.32318	0.34747	0.35115	0.32519	0.29044	0.24181	0.18796	0.13866	0.10437	0.094787	0.11407	0.1666	0.25412	0.35767	0.47869	0.61277	0.75579	0.90362	1	1	1	1
0.57189	0.43526	0.3223	0.2372	0.18189	0.15629	0.15894	0.18617	0.22924	0.27791	0.32209	0.35273	0.36309	0.34992	0.31424	0.25152	0.19627	0.14392	0.10504	0.090361	0.097481	0.13034	0.18018	0.25151	0.30785	0.34799	0.36521	0.35723	0.32633	0.27878	0.22378	0.17211	0.13504	0.12177	0.1244	0.15624	0.19656	0.23676	0.2672	0.28287	0.28087	0.26024	0.22566	0.18538	0.16549	0.14484	0.14531	0.17113	0.21471	0.26626	0.31558	0.35323	0.37173	0.36674	0.33793	0.28055	0.22532	0.16873	0.12127	0.095984	0.091769	0.12272	0.18673	0.2794	0.39522	0.52529	0.66591	0.81246	0.96073	1	1	1	1
0.52168	0.38317	0.27153	0.19151	0.14518	0.13206	0.1494	0.18927	0.24225	0.2971	0.34325	0.37198	0.37758	0.35824	0.31649	0.25899	0.18506	0.13376	0.099572	0.089852	0.10427	0.14073	0.19011	0.24217	0.30048	0.33325	0.34357	0.33068	0.29823	0.25337	0.2055	0.16538	0.14144	0.14329	0.16575	0.19941	0.2252	0.25991	0.28084	0.28322	0.26774	0.23752	0.19741	0.15634	0.12452	0.11302	0.13663	0.17494	0.22863	0.28664	0.33814	0.37386	0.38724	0.37535	0.33942	0.2849	0.21091	0.15413	0.11058	0.090678	0.097603	0.13937	0.21345	0.31502	0.43777	0.57497	0.72066	0.86976	1	1	1	1	1
0.48264	0.34189	0.23062	0.15421	0.11499	0.11228	0.13997	0.18887	0.24844	0.30674	0.35301	0.37913	0.38057	0.35699	0.31228	0.25406	0.19273	0.12917	0.10413	0.099332	0.11992	0.15834	0.20499	0.25014	0.29215	0.31438	0.31565	0.29677	0.26271	0.22141	0.18263	0.15444	0.14798	0.1658	0.19835	0.23753	0.27377	0.29857	0.30569	0.29256	0.25829	0.21825	0.17287	0.13155	0.10441	0.10073	0.11868	0.17663	0.2371	0.29875	0.35038	0.38317	0.39165	0.37435	0.33398	0.27712	0.19753	0.14364	0.10655	0.094614	0.11282	0.16482	0.24776	0.35657	0.48455	0.63005	0.77877	0.92885	1	1	1	1	1
0.45853	0.31575	0.20435	0.13034	0.096389	0.099856	0.13374	0.18748	0.24954	0.3078	0.35164	0.3738	0.3711	0.34466	0.29961	0.24426	0.18897	0.1451	0.12216	0.11724	0.14375	0.18317	0.22565	0.2618	0.28474	0.29247	0.27921	0.24904	0.22327	0.18588	0.15579	0.14225	0.15331	0.18503	0.22796	0.27213	0.30804	0.32777	0.32631	0.30266	0.25172	0.2037	0.15448	0.11399	0.092004	0.096505	0.12108	0.16829	0.24182	0.30357	0.3526	0.38086	0.38412	0.36241	0.31984	0.26389	0.20446	0.13635	0.11008	0.1071	0.13702	0.19897	0.28983	0.40444	0.53612	0.69256	0.84177	0.99082	1	1	1	1	1
0.45704	0.3086	0.19709	0.12465	0.094373	0.098532	0.13432	0.18838	0.24836	0.3026	0.34094	0.35725	0.34984	0.32128	0.27781	0.22817	0.18236	0.15077	0.14223	0.1569	0.17427	0.21226	0.25017	0.27735	0.28777	0.28069	0.25686	0.22017	0.17808	0.14057	0.12941	0.13006	0.15623	0.20008	0.25143	0.29955	0.33492	0.35033	0.34211	0.31077	0.26127	0.19293	0.14219	0.10436	0.088585	0.096847	0.12975	0.17955	0.23628	0.30329	0.34654	0.36815	0.36534	0.33967	0.29651	0.24408	0.1922	0.15169	0.13052	0.12671	0.16894	0.24083	0.33899	0.45826	0.59217	0.73361	0.9107	1	1	1	1	1	1
0.46908	0.32362	0.21222	0.141	0.10633	0.11159	0.14516	0.19505	0.24846	0.29442	0.32395	0.33219	0.319	0.28844	0.24768	0.2057	0.17217	0.15591	0.16423	0.19024	0.22598	0.26242	0.29088	0.30431	0.29879	0.2724	0.23754	0.19395	0.15024	0.11637	0.1016	0.10976	0.15736	0.21022	0.26738	0.31759	0.35155	0.363	0.3496	0.31336	0.26043	0.20043	0.13529	0.10253	0.09477	0.10843	0.14558	0.1955	0.24787	0.30099	0.33508	0.34768	0.33755	0.30781	0.26501	0.21786	0.17764	0.14847	0.14415	0.16578	0.21447	0.28873	0.39382	0.51694	0.65193	0.79215	0.98579	1	1	1	1	1	1
0.5041	0.36115	0.25172	0.18173	0.13989	0.14139	0.16904	0.21067	0.25353	0.28704	0.30462	0.3025	0.28223	0.24926	0.21161	0.17859	0.15787	0.15957	0.18373	0.22137	0.26332	0.30031	0.32406	0.32864	0.31169	0.26738	0.22275	0.17356	0.12915	0.09937	0.093419	0.10861	0.1472	0.21639	0.27592	0.32559	0.35663	0.3639	0.3465	0.30779	0.25492	0.19783	0.14818	0.10758	0.10924	0.12847	0.16868	0.21691	0.26283	0.29776	0.31857	0.31636	0.29335	0.26996	0.2278	0.18771	0.15646	0.14447	0.15766	0.1955	0.25768	0.34376	0.4525	0.58139	0.72624	0.88136	1	1	1	1	1	1	1
0.56091	0.42203	0.3157	0.24777	0.1983	0.18899	0.20767	0.2377	0.26677	0.28436	0.28731	0.27285	0.24419	0.20812	0.17354	0.14881	0.14248	0.16117	0.19912	0.24693	0.29428	0.3317	0.35148	0.34891	0.32318	0.27785	0.21166	0.15903	0.11565	0.090997	0.090302	0.11365	0.15659	0.20948	0.27853	0.32442	0.35044	0.35277	0.33196	0.29266	0.24276	0.19223	0.15198	0.13173	0.12598	0.15565	0.19838	0.24255	0.28128	0.30507	0.31094	0.29738	0.26575	0.22264	0.17902	0.15427	0.13512	0.13969	0.17019	0.22451	0.30085	0.39764	0.51302	0.64438	0.78796	0.93881	1	1	1	1	1	1	1
0.6376	0.50423	0.40209	0.33682	0.27361	0.26137	0.26791	0.27757	0.29062	0.29181	0.27641	0.24822	0.2102	0.17027	0.13777	0.12139	0.12839	0.16048	0.20949	0.26508	0.31617	0.35328	0.36946	0.3613	0.32952	0.27903	0.20291	0.14975	0.10982	0.093039	0.097079	0.12583	0.17035	0.22095	0.27777	0.31631	0.33482	0.33095	0.30675	0.26805	0.22327	0.1821	0.15443	0.14961	0.16875	0.20221	0.22855	0.27065	0.30151	0.31419	0.30472	0.27946	0.23966	0.19272	0.14843	0.11693	0.10748	0.13576	0.18256	0.25279	0.34319	0.45099	0.57359	0.70813	0.85111	0.99824	1	1	1	1	1	1	1
0.73161	0.60504	0.50807	0.44608	0.36363	0.34368	0.33857	0.33807	0.33217	0.3137	0.27633	0.23356	0.18554	0.14119	0.11016	0.10121	0.11761	0.15906	0.21544	0.27555	0.32788	0.36324	0.37564	0.36307	0.3277	0.27561	0.21604	0.14455	0.11095	0.10193	0.11266	0.14538	0.18934	0.23465	0.27264	0.3045	0.31289	0.30128	0.27323	0.23564	0.19726	0.1677	0.15495	0.16731	0.19828	0.23962	0.2819	0.31604	0.33436	0.33202	0.30148	0.26436	0.21659	0.16651	0.1241	0.099178	0.099589	0.12962	0.19703	0.28178	0.38534	0.50373	0.63352	0.77151	0.91432	1	1	1	1	1	1	1	1
0.83991	0.72122	0.63023	0.57205	0.46445	0.43656	0.41967	0.40443	0.38205	0.34662	0.29693	0.23286	0.17512	0.12613	0.095761	0.092286	0.11304	0.1595	0.21887	0.27951	0.32987	0.36138	0.36925	0.35292	0.31592	0.2653	0.21056	0.16271	0.13197	0.11576	0.13592	0.1718	0.2138	0.25212	0.27886	0.29079	0.28348	0.25841	0.22137	0.19863	0.16731	0.14911	0.15347	0.18117	0.22405	0.27231	0.31625	0.34707	0.35812	0.34607	0.31178	0.25235	0.19843	0.14681	0.10742	0.091048	0.099865	0.14223	0.21479	0.31406	0.42906	0.55684	0.69312	0.83428	0.97695	1	1	1	1	1	1	1	1
0.95912	0.84916	0.76482	0.71085	0.57231	0.53674	0.50858	0.47953	0.44207	0.39165	0.32819	0.25674	0.18266	0.12943	0.099227	0.094133	0.11798	0.1649	0.2226	0.27927	0.32402	0.34912	0.35117	0.33111	0.2938	0.24701	0.20023	0.16365	0.14669	0.15448	0.16505	0.2019	0.24137	0.27255	0.28831	0.28543	0.26639	0.23273	0.19143	0.15264	0.12459	0.13053	0.15036	0.19094	0.24351	0.29725	0.3421	0.36973	0.37467	0.35512	0.31351	0.25634	0.18447	0.13371	0.099106	0.089547	0.10963	0.16302	0.24594	0.35274	0.47679	0.61204	0.75343	0.89689	1	1	1	1	1	1	1	1	1
1	0.98505	0.90783	0.85839	0.68382	0.64128	0.60296	0.5617	0.51129	0.44846	0.37419	0.29414	0.21086	0.15433	0.1309	0.11373	0.13541	0.17835	0.22981	0.27794	0.31333	0.32923	0.32381	0.29957	0.26258	0.22115	0.18457	0.16185	0.16197	0.1835	0.21717	0.25434	0.28612	0.29395	0.29899	0.28276	0.25141	0.20948	0.16467	0.12667	0.10517	0.1081	0.1464	0.1967	0.25604	0.31295	0.35725	0.38133	0.38098	0.35598	0.31018	0.25109	0.17359	0.12662	0.10127	0.098296	0.12934	0.19271	0.28434	0.39835	0.53109	0.6713	0.81583	0.96015	1	1	1	1	1	1	1	1	1
1	1	1	1	0.79605	0.74767	0.70081	0.64947	0.58875	0.51654	0.43469	0.34929	0.26988	0.20251	0.18039	0.15139	0.16748	0.20246	0.2436	0.279	0.30153	0.30556	0.29093	0.26171	0.22505	0.18968	0.16458	0.15768	0.17509	0.20963	0.25158	0.29152	0.32061	0.33195	0.32191	0.29106	0.23996	0.19069	0.14331	0.1076	0.092761	0.10178	0.13474	0.20016	0.26251	0.31952	0.36114	0.38071	0.37542	0.34661	0.29942	0.24209	0.18509	0.1244	0.10704	0.11648	0.15853	0.23115	0.33013	0.44955	0.5824	0.73638	0.88161	1	1	1	1	1	1	1	1	1	1
1	1	1	1	0.90661	0.85384	0.80042	0.7415	0.67338	0.595	0.50889	0.42129	0.34147	0.29864	0.23278	0.20741	0.2152	0.23899	0.26654	0.28686	0.29268	0.28262	0.25724	0.22211	0.18573	0.15608	0.14216	0.15185	0.18419	0.23019	0.27934	0.32159	0.34836	0.35373	0.33552	0.29587	0.23041	0.17663	0.12868	0.096638	0.089542	0.10417	0.14275	0.19511	0.26504	0.31854	0.35482	0.36839	0.35798	0.32644	0.28005	0.22755	0.17904	0.1448	0.13299	0.14246	0.1958	0.2773	0.38263	0.50599	0.6406	0.80846	0.95171	1	1	1	1	1	1	1	1	1	1
1	1	1	1	1	0.95808	0.9003	0.83644	0.76392	0.68254	0.59529	0.50841	0.47398	0.39335	0.31468	0.28966	0.28638	0.28869	0.30041	0.3035	0.29069	0.2651	0.22794	0.18615	0.14871	0.12474	0.12177	0.14516	0.18916	0.24406	0.29838	0.34177	0.3661	0.36656	0.34244	0.29733	0.23882	0.16644	0.1206	0.094212	0.092158	0.11464	0.15656	0.20812	0.25933	0.31277	0.34076	0.34648	0.33028	0.29648	0.25238	0.20696	0.1704	0.14994	0.15442	0.18526	0.23919	0.32942	0.44046	0.56666	0.70166	0.83898	1	1	1	1	1	1	1	1	1	1	1
1	1	1	1	1	1	0.99908	0.9329	0.85883	0.77737	0.69178	0.69166	0.58317	0.50689	0.41	0.37889	0.36532	0.36001	0.35297	0.33593	0.3046	0.25768	0.20816	0.15924	0.12051	0.101	0.10683	0.13943	0.19132	0.25161	0.30823	0.35084	0.37199	0.36815	0.34004	0.29257	0.23416	0.17568	0.11821	0.10064	0.10488	0.13325	0.1768	0.22532	0.26892	0.30575	0.3225	0.31839	0.29542	0.25933	0.21826	0.18215	0.157	0.15429	0.17603	0.22207	0.29234	0.38633	0.50239	0.63735	0.78631	0.94294	1	1	1	1	1	1	1	1	1	1	1
1	1	1	1	1	1	1	1	0.95634	0.87731	0.93426	0.8084	0.70701	0.63568	0.51472	0.4774	0.45348	0.43442	0.41133	0.37728	0.32926	0.26379	0.20251	0.14659	0.1061	0.091851	0.10002	0.13766	0.1931	0.25454	0.30991	0.34914	0.36579	0.35767	0.32697	0.27972	0.2249	0.17317	0.13568	0.11238	0.12534	0.1592	0.20339	0.24681	0.28172	0.3004	0.30281	0.28434	0.24986	0.2071	0.18167	0.15298	0.1425	0.15721	0.19635	0.25817	0.34127	0.44421	0.565	0.70063	0.84679	0.99807	1	1	1	1	1	1	1	1	1	1	1
1	1	1	1	1	1	1	1	1	1	1	0.93533	0.84171	0.77582	0.62509	0.58182	0.54805	0.51613	0.4784	0.42924	0.36691	0.29454	0.21433	0.15228	0.11001	0.098174	0.10479	0.14317	0.19756	0.25555	0.30571	0.33854	0.34884	0.33592	0.30337	0.25823	0.20974	0.16805	0.14337	0.14402	0.16642	0.18805	0.23179	0.27092	0.29665	0.30333	0.29047	0.26168	0.22051	0.17645	0.13794	0.11857	0.12876	0.15976	0.2156	0.29298	0.38911	0.50156	0.62782	0.76488	0.90894	1	1	1	1	1	1	1	1	1	1	1	1
1	1	1	1	1	1	1	1	1	1	1	1	0.98337	0.92325	0.73772	0.68919	0.64662	0.60338	0.55305	0.49134	0.41765	0.33592	0.25434	0.17927	0.13563	0.11536	0.12408	0.15905	0.20794	0.25788	0.29883	0.32209	0.32393	0.30524	0.271	0.22905	0.18873	0.15944	0.15088	0.16784	0.19954	0.24015	0.27947	0.30866	0.3208	0.3123	0.28047	0.24153	0.19452	0.14858	0.11393	0.10124	0.11258	0.1645	0.23552	0.32741	0.43601	0.55785	0.6898	0.82875	0.97121	1	1	1	1	1	1	1	1	1	1	1	1
1	1	1	1	1	1	1	1	1	1	1	1	1	1	0.84981	0.79701	0.74715	0.69463	0.63427	0.56299	0.48121	0.39346	0.30804	0.23575	0.19736	0.15576	0.15979	0.1877	0.22714	0.26555	0.29297	0.3037	0.29499	0.26935	0.23307	0.19469	0.16356	0.14791	0.1568	0.18714	0.22983	0.27536	0.31422	0.33816	0.34148	0.32219	0.28272	0.22552	0.17388	0.128	0.097873	0.092484	0.11608	0.17191	0.25903	0.36356	0.48328	0.61366	0.75092	0.89172	1	1	1	1	1	1	1	1	1	1	1	1	1
1	1	1	1	1	1	1	1	1	1	1	1	1	1	0.95906	0.9033	0.84799	0.78855	0.72099	0.64334	0.55682	0.46634	0.38008	0.33407	0.27231	0.22176	0.21256	0.2305	0.25733	0.28109	0.2919	0.28772	0.26669	0.23296	0.19435	0.15908	0.1368	0.13555	0.15997	0.20257	0.25384	0.30331	0.34148	0.36084	0.35704	0.32965	0.28257	0.213	0.15918	0.11535	0.090995	0.093831	0.12862	0.19539	0.28937	0.40428	0.533	0.67035	0.81188	0.95396	1	1	1	1	1	1	1	1	1	1	1	1	1
1	1	1	1	1	1	1	1	1	1	1	1	1	1	1	1	0.94772	0.88389	0.81204	0.73117	0.64312	0.55295	0.4685	0.42803	0.36892	0.30184	0.29021	0.29492	0.29977	0.30697	0.30118	0.27847	0.24399	0.20135	0.1591	0.12677	0.1134	0.12452	0.16067	0.21262	0.26999	0.32164	0.35828	0.37337	0.36396	0.33117	0.28016	0.21969	0.14965	0.11048	0.094552	0.10592	0.15111	0.22733	0.32955	0.45251	0.58756	0.72966	0.87381	1	1	1	1	1	1	1	1	1	1	1	1	1	1
1	1	1	1	1	1	1	1	1	1	1	1	1	1	1	1	1	0.9794	0.90605	0.82488	0.73816	0.65091	0.63102	0.54031	0.48439	0.39499	0.37504	0.36756	0.36248	0.35039	0.3249	0.28027	0.23175	0.17978	0.13371	0.10331	0.096921	0.11662	0.16063	0.21819	0.27831	0.32958	0.36323	0.37384	0.35995	0.32414	0.27265	0.21462	0.16137	0.11253	0.1055	0.12835	0.18352	0.26801	0.37672	0.503	0.64906	0.79327	0.93789	1	1	1	1	1	1	1	1	1	1	1	1	1	1
1	1	1	1	1	1	1	1	1	1	1	1	1	1	1	1	1	1	1	0.9225	0.99878	0.86469	0.75219	0.66741	0.54224	0.49742	0.46907	0.44948	0.42958	0.40118	0.35921	0.30334	0.23383	0.17295	0.12294	0.093649	0.090457	0.11495	0.16252	0.2214	0.28024	0.32798	0.35659	0.36197	0.3442	0.30723	0.25818	0.20631	0.16232	0.13538	0.12479	0.15975	0.22481	0.31677	0.43057	0.55976	0.71899	0.86237	1	1	1	1	1	1	1	1	1	1	1	1	1	1	1
1	1	1	1	1	1	1	1	1	1	1	1	1	1	1	1	1	1	1	1	1	0.98758	0.88376	0.80548	0.65426	0.60555	0.56922	0.53827	0.50473	0.46172	0.40548	0.33677	0.25303	0.18448	0.13096	0.10797	0.097714	0.12282	0.16949	0.2252	0.27836	0.31909	0.34022	0.33915	0.31754	0.28062	0.23619	0.19336	0.162	0.15027	0.16398	0.20503	0.27316	0.37213	0.49003	0.62073	0.75758	0.93745	1	1	1	1	1	1	1	1	1	1	1	1	1	1	1
1	1	1	1	1	1	1	1	1	1	1	1	1	1	1	1	1	1	1	1	1	1	1	0.95055	0.90646	0.71625	0.67281	0.63183	0.58648	0.5312	0.46345	0.38498	0.30203	0.21687	0.16076	0.13882	0.12118	0.14312	0.18462	0.23284	0.276	0.30622	0.3173	0.30828	0.28241	0.2461	0.20763	0.17676	0.1593	0.16548	0.19553	0.24996	0.32903	0.43207	0.55681	0.69911	0.85307	1	1	1	1	1	1	1	1	1	1	1	1	1	1	1	1
1	1	1	1	1	1	1	1	1	1	1	1	1	1	1	1	1	1	1	1	1	1	1	1	1	0.82684	0.77759	0.72835	0.67349	0.60872	0.5326	0.44764	0.36039	0.28063	0.23542	0.17521	0.16239	0.17789	0.21048	0.24745	0.27753	0.29335	0.292	0.27351	0.24267	0.20696	0.17555	0.155	0.15513	0.17941	0.22643	0.29522	0.38496	0.4944	0.62128	0.76193	0.91129	1	1	1	1	1	1	1	1	1	1	1	1	1	1	1	1
1	1	1	1	1	1	1	1	1	1	1	1	1	1	1	1	1	1	1	1	1	1	1	1	1	0.93517	0.88168	0.82629	0.76453	0.69325	0.61199	0.52381	0.43535	0.35596	0.31399	0.24772	0.22149	0.22804	0.24879	0.2716	0.28593	0.28467	0.26905	0.23982	0.20323	0.16799	0.1421	0.13377	0.15039	0.19211	0.25592	0.33934	0.44035	0.55701	0.68688	0.82666	0.97198	1	1	1	1	1	1	1	1	1	1	1	1	1	1	1	1
1	1	1	1	1	1	1	1	1	1	1	1	1	1	1	1	1	1	1	1	1	1	1	1	1	1	0.98357	0.9243	0.85832	0.78352	0.70023	0.61188	0.52495	0.49021	0.4129	0.33245	0.30747	0.30254	0.30771	0.307	0.30414	0.28414	0.25322	0.21247	0.16956	0.13364	0.11354	0.11625	0.14757	0.20525	0.2848	0.38229	0.49449	0.61864	0.75203	0.89151	1	1	1	1	1	1	1	1	1	1	1	1	1	1	1	1	1
1	1	1	1	1	1	1	1	1	1	1	1	1	1	1	1	1	1	1	1	1	1	1	1	1	1	1	1	0.95348	0.87796	0.79546	0.70957	0.70782	0.60273	0.52975	0.42963	0.39829	0.38288	0.37411	0.36225	0.33957	0.30248	0.24909	0.19657	0.14702	0.11013	0.094594	0.10663	0.15029	0.22173	0.31518	0.42537	0.5479	0.67917	0.81606	0.95551	1	1	1	1	1	1	1	1	1	1	1	1	1	1	1	1	1
1	1	1	1	1	1	1	1	1	1	1	1	1	1	1	1	1	1	1	1	1	1	1	1	1	1	1	1	1	0.97474	0.89539	0.94949	0.82702	0.72902	0.66093	0.53539	0.49766	0.47188	0.44958	0.42218	0.38329	0.33058	0.26686	0.19632	0.14046	0.10222	0.091563	0.10946	0.16275	0.24519	0.35	0.47076	0.60201	0.73933	0.87915	1	1	1	1	1	1	1	1	1	1	1	1	1	1	1	1	1	1
1	1	1	1	1	1	1	1	1	1	1	1	1	1	1	1	1	1	1	1	1	1	1	1	1	1	1	1	1	1	1	1	0.95559	0.8653	0.80253	0.64609	0.60238	0.5669	0.53217	0.49084	0.43784	0.37204	0.29718	0.2147	0.15352	0.11396	0.10593	0.12895	0.18899	0.27934	0.39247	0.52106	0.65874	0.80038	0.94196	1	1	1	1	1	1	1	1	1	1	1	1	1	1	1	1	1	1
1	1	1	1	1	1	1	1	1	1	1	1	1	1	1	1	1	1	1	1	1	1	1	1	1	1	1	1	1	1	1	1	1	1	0.95053	0.75854	0.70963	0.66567	0.62018	0.56713	0.50269	0.42685	0.34401	0.26268	0.18858	0.15897	0.14239	0.16836	0.23231	0.32732	0.44542	0.57867	0.72002	0.86374	1	1	1	1	1	1	1	1	1	1	1	1	1	1	1	1	1	1	1
1	1	1	1	1	1	1	1	1	1	1	1	1	1	1	1	1	1	1	1	1	1	1	1	1	1	1	1	1	1	1	1	1	1	1	0.87005	0.81707	0.76623	0.71215	0.64999	0.57716	0.49452	0.40697	0.323	0.25337	0.21783	0.20239	0.22946	0.29467	0.39119	0.51085	0.6454	0.78736	0.93056	1	1	1	1	1	1	1	1	1	1	1	1	1	1	1	1	1	1	1
1	1	1	1	1	1	1	1	1	1	1	1	1	1	1	1	1	1	1	1	1	1	1	1	1	1	1	1	1	1	1	1	1	1	1	0.97849	0.92279	0.86699	0.80672	0.73832	0.66023	0.57404	0.48493	0.40114	0.35785	0.30094	0.28563	0.31225	0.37643	0.47153	0.58953	0.72208	0.86154	1	1	1	1	1	1	1	1	1	1	1	1	1	1	1	1	1	1	1	1
1	1	1	1	1	1	1	1	1	1	1	1	1	1	1	1	1	1	1	1	1	1	1	1	1	1	1	1	1	1	1	1	1	1	1	1	1	0.96656	0.9026	0.83081	0.75051	0.66382	0.57598	0.54943	0.45863	0.40438	0.38976	0.41561	0.48045	0.58061	0.71054	0.86328	1	1	1	1	1	1	1	1	1	1	1	1	1	1	1	1	1	1	1	1	1
1	1	1	1	1	1	1	1	1	1	1	1	1	1	1	1	1	1	1	1	1	1	1	1	1	1	1	1	1	1	1	1	1	1	1	1	1	1	0.99849	0.92598	0.84623	0.7617	0.77712	0.66197	0.57643	0.5253	0.5115	0.53583	0.59688	0.69118	0.81348	0.95719	1	1	1	1	1	1	1	1	1	1	1	1	1	1	1	1	1	1	1	1	1
1	1	1	1	1	1	1	1	1	1	1	1	1	1	1	1	1	1	1	1	1	1	1	1	1	1	1	1	1	1	1	1	1	1	1	1	1	1	1	1	0.94528	1	0.89445	0.7873	0.70766	0.66003	0.64715	0.66977	0.72658	0.81432	0.92807	1	1	1	1	1	1	1	1	1	1	1	1	1	1	1	1	1	1	1	1	1	1
1	1	1	1	1	1	1	1	1	1	1	1	1	1	1	1	1	1	1	1	1	1	1	1	1	1	1	1	1	1	1	1	1	1	1	1	1	1	1	1	1	1	1	0.9217	0.84844	0.80459	0.79271	0.81349	0.86571	0.94636	1	1	1	1	1	1	1	1	1	1	1	1	1	1	1	1	1	1	1	1	1	1	1
1	1	1	1	1	1	1	1	1	1	1	1	1	1	1	1	1	1	1	1	1	1	1	1	1	1	1	1	1	1	1	1	1	1	1	1	1	1	1	1	1	1	1	1	0.99481	0.95495	0.94412	0.96297	1	1	1	1	1	1	1	1	1	1	1	1	1	1	1	1	1	1	1	1	1	1	1	1	1
1	1	1	1	1	1	1	1	1	1	1	1	1	1	1	1	1	1	1	1	1	1	1	1	1	1	1	1	1	1	1	1	1	1	1	1	1	1	1	1	1	1	1	1	1	1	1	1	1	1	1	1	1	1	1	1	1	1	1	1	1	1	1	1	1	1	1	1	1	1	1	1	1
1	1	1	1	1	1	1	1	1	1	1	1	1	1	1	1	1	1	1	1	1	1	1	1	1	1	1	1	1	1	1	1	1	1	1	1	1	1	1	1	1	1	1	1	1	1	1	1	1	1	1	1	1	1	1	1	1	1	1	1	1	1	1	1	1	1	1	1	1	1	1	1	1
1	1	1	1	1	1	1	1	1	1	1	1	1	1	1	1	1	1	1	1	1	1	1	1	1	1	1	1	1	1	1	1	1	1	1	1	1	1	1	1	1	1	1	1	1	1	1	1	1	1	1	1	1	1	1	1	1	1	1	1	1	1	1	1	1	1	1	1	1	1	1	1	1
1	1	1	1	1	1	1	1	1	1	1	1	1	1	1	1	1	1	1	1	1	1	1	1	1	1	1	1	1	1	1	1	1	1	1	1	1	1	1	1	1	1	1	1	1	1	1	1	1	1	1	1	1	1	1	1	1	1	1	1	1	1	1	1	1	1	1	1	1	1	1	1	1
1	1	1	1	1	1	1	1	1	1	1	1	1	1	1	1	1	1	1	1	1	1	1	1	1	1	1	1	1	1	1	1	1	1	1	1	1	1	1	1	1	1	1	1	1	1	1	1	1	1	1	1	1	1	1	1	1	1	1	1	1	1	1	1	1	1	1	1	1	1	1	1	1
1	1	1	1	1	1	1	1	1	1	1	1	1	1	1	1	1	1	1	1	1	1	1	1	1	1	1	1	1	1	1	1	1	1	1	1	1	1	1	1	1	1	1	1	1	1	1	1	1	1	1	1	1	1	1	1	1	1	1	1	1	1	1	1	1	1	1	1	1	1	1	1	1
1	1	1	1	1	1	1	1	1	1	1	1	1	1	1	1	1	1	1	1	1	1	1	1	1	1	1	1	1	1	1	1	1	1	1	1	1	1	1	1	1	1	1	1	1	1	1	1	1	1	1	1	1	1	1	1	1	1	1	1	1	1	1	1	1	1	1	1	1	1	1	1	1
1	1	1	1	1	1	1	1	1	1	1	1	1	1	1	1	1	1	1	1	1	1	1	1	1	1	1	1	1	1	1	1	1	1	1	1	1	1	1	1	1	1	1	1	1	1	1	1	1	1	1	1	1	1	1	1	1	1	1	1	1	1	1	1	1	1	1	1	1	1	1	1	1
1	1	1	1	1	1	1	1	1	1	1	1	1	1	1	1	1	1	1	1	1	1	1	1	1	1	1	1	1	1	1	1	1	1	1	1	1	1	1	1	1	1	1	1	1	1	1	1	1	1	1	1	1	1	1	1	1	1	1	1	1	1	1	1	1	1	1	1	1	1	1	1	1
1	1	1	1	1	1	1	1	1	1	1	1	1	1	1	1	1	1	1	1	1	1	1	1	1	1	1	1	1	1	1	1	1	1	1	1	1	1	1	1	1	1	1	1	1	1	1	1	1	1	1	1	1	1	1	1	1	1	1	1	1	1	1	1	1	1	1	1	1	1	1	1	1
1	1	1	1	1	1	1	1	1	1	1	1	1	1	1	1	1	1	1	1	1	1	1	1	1	1	1	1	1	1	1	1	1	1	1	1	1	1	1	1	1	1	1	1	1	1	1	1	1	1	1	1	1	1	1	1	1	1	1	1	1	1	1	1	1	1	1	1	1	1	1	1	1
1	1	1	1	1	1	1	1	1	1	1	1	1	1	1	1	1	1	1	1	1	1	1	1	1	1	1	1	1	1	1	1	1	1	1	1	1	1	1	1	1	1	1	1	1	1	1	1	1	1	1	1	1	1	1	1	1	1	1	1	1	1	1	1	1	1	1	1	1	1	1	1	1
1	1	1	1	1	1	1	1	1	1	1	1	1	1	1	1	1	1	1	1	1	1	1	1	1	1	1	1	1	1	1	1	1	1	1	1	1	1	1	1	1	1	1	1	1	1	1	1	1	1	1	1	1	1	1	1	1	1	1	1	1	1	1	1	1	1	1	1	1	1	1	1	1
1	1	1	1	1	1	1	1	1	1	1	1	1	1	1	1	1	1	1	1	1	1	1	1	1	1	1	1	1	1	1	1	1	1	1	1	1	1	1	1	1	1	1	1	1	1	1	1	1	1	1	1	1	1	1	1	1	1	1	1	1	1	1	1	1	1	1	1	1	1	1	1	1
1	1	1	1	1	1	1	1	1	1	1	1	1	1	1	1	1	1	1	1	1	1	1	1	1	1	1	1	1	1	1	1	1	1	1	1	1	1	1	1	1	1	1	1	1	1	1	1	1	1	1	1	1	1	1	1	1	1	1	1	1	1	1	1	1	1	1	1	1	1	1	1	1
1	1	1	1	1	1	1	1	1	1	1	1	1	1	1	1	1	1	1	1	1	1	1	1	1	1	1	1	1	1	1	1	1	1	1	1	1	1	1	1	1	1	1	1	1	1	1	1	1	1	1	1	1	1	1	1	1	1	1	1	1	1	1	1	1	1	1	1	1	1	1	1	1
